  0.500000   0.050000   4.000000 
  0.500000   0.100000   5.000000 
  0.500000   0.150000   3.000000 
  0.500000   0.200000   3.000000 
  0.500000   0.250000   4.000000 
  0.500000   0.300000   3.000000 
  0.500000   0.350000   4.000000 
  0.500000   0.400000   4.000000 
  0.500000   0.450000   4.000000 
  0.500000   0.500000   4.000000 
  0.500000   0.550000   4.000000 
  0.500000   0.600000   4.000000 
  0.500000   0.650000   4.000000 
  0.500000   0.700000   4.000000 
  0.500000   0.750000   4.000000 
  0.500000   0.800000   4.000000 
  0.500000   0.850000   5.000000 
  0.500000   0.900000   5.000000 
  0.500000   0.950000   5.000000 
  0.500000   1.000000   5.000000 
  0.500000   1.050000   5.000000 
  0.500000   1.100000   4.000000 
  0.500000   1.150000   4.000000 
  0.500000   1.200000   4.000000 
  0.500000   1.250000   3.000000 
  0.500000   1.300000   3.000000 
  0.500000   1.350000   3.000000 
  0.500000   1.400000   4.000000 
  0.500000   1.450000   4.000000 
  0.500000   1.500000   3.000000 
  0.500000   1.550000   3.000000 
  0.500000   1.600000   3.000000 
  0.500000   1.650000   3.000000 
  0.500000   1.700000   3.000000 
  0.500000   1.750000   3.000000 
  0.500000   1.800000   3.000000 
  0.500000   1.850000   3.000000 
  0.500000   1.900000   3.000000 
  0.500000   1.950000   3.000000 
  0.500000   2.000000   3.000000 
  0.500000   2.050000   3.000000 
  0.500000   2.100000   3.000000 
  0.500000   2.150000   3.000000 
  0.500000   2.200000   3.000000 
  0.500000   2.250000   3.000000 
  0.500000   2.300000   3.000000 
  0.500000   2.350000   3.000000 
  0.500000   2.400000   3.000000 
  0.500000   2.450000   3.000000 
  0.500000   2.500000   3.000000 
  0.600000   0.050000   4.000000 
  0.600000   0.100000   5.000000 
  0.600000   0.150000   3.000000 
  0.600000   0.200000   2.000000 
  0.600000   0.250000   5.000000 
  0.600000   0.300000   5.000000 
  0.600000   0.350000   4.000000 
  0.600000   0.400000   3.000000 
  0.600000   0.450000   3.000000 
  0.600000   0.500000   6.000000 
  0.600000   0.550000   7.000000 
  0.600000   0.600000   6.000000 
  0.600000   0.650000   5.000000 
  0.600000   0.700000   6.000000 
  0.600000   0.750000   6.000000 
  0.600000   0.800000   4.000000 
  0.600000   0.850000   4.000000 
  0.600000   0.900000   4.000000 
  0.600000   0.950000   4.000000 
  0.600000   1.000000   4.000000 
  0.600000   1.050000   5.000000 
  0.600000   1.100000   7.000000 
  0.600000   1.150000   7.000000 
  0.600000   1.200000   6.000000 
  0.600000   1.250000   5.000000 
  0.600000   1.300000   5.000000 
  0.600000   1.350000   5.000000 
  0.600000   1.400000   5.000000 
  0.600000   1.450000   5.000000 
  0.600000   1.500000   5.000000 
  0.600000   1.550000   4.000000 
  0.600000   1.600000   4.000000 
  0.600000   1.650000   4.000000 
  0.600000   1.700000   5.000000 
  0.600000   1.750000   6.000000 
  0.600000   1.800000   5.000000 
  0.600000   1.850000   6.000000 
  0.600000   1.900000   7.000000 
  0.600000   1.950000   7.000000 
  0.600000   2.000000   8.000000 
  0.600000   2.050000   9.000000 
  0.600000   2.100000   8.000000 
  0.600000   2.150000   7.000000 
  0.600000   2.200000   9.000000 
  0.600000   2.250000   9.000000 
  0.600000   2.300000  10.000000 
  0.600000   2.350000   9.000000 
  0.600000   2.400000   8.000000 
  0.600000   2.450000   8.000000 
  0.600000   2.500000   8.000000 
  0.700000   0.050000   4.000000 
  0.700000   0.100000   4.000000 
  0.700000   0.150000   2.000000 
  0.700000   0.200000   2.000000 
  0.700000   0.250000   4.000000 
  0.700000   0.300000   4.000000 
  0.700000   0.350000   3.000000 
  0.700000   0.400000   3.000000 
  0.700000   0.450000   3.000000 
  0.700000   0.500000   7.000000 
  0.700000   0.550000   5.000000 
  0.700000   0.600000   3.000000 
  0.700000   0.650000   4.000000 
  0.700000   0.700000   4.000000 
  0.700000   0.750000   4.000000 
  0.700000   0.800000   4.000000 
  0.700000   0.850000   4.000000 
  0.700000   0.900000   4.000000 
  0.700000   0.950000   4.000000 
  0.700000   1.000000   5.000000 
  0.700000   1.050000   4.000000 
  0.700000   1.100000   5.000000 
  0.700000   1.150000   6.000000 
  0.700000   1.200000   5.000000 
  0.700000   1.250000   5.000000 
  0.700000   1.300000   4.000000 
  0.700000   1.350000   4.000000 
  0.700000   1.400000   4.000000 
  0.700000   1.450000   4.000000 
  0.700000   1.500000   4.000000 
  0.700000   1.550000   3.000000 
  0.700000   1.600000   3.000000 
  0.700000   1.650000   3.000000 
  0.700000   1.700000   3.000000 
  0.700000   1.750000   4.000000 
  0.700000   1.800000   4.000000 
  0.700000   1.850000   3.000000 
  0.700000   1.900000   3.000000 
  0.700000   1.950000   3.000000 
  0.700000   2.000000   3.000000 
  0.700000   2.050000   4.000000 
  0.700000   2.100000   4.000000 
  0.700000   2.150000   4.000000 
  0.700000   2.200000   4.000000 
  0.700000   2.250000   5.000000 
  0.700000   2.300000   5.000000 
  0.700000   2.350000   3.000000 
  0.700000   2.400000   3.000000 
  0.700000   2.450000   3.000000 
  0.700000   2.500000   4.000000 
  0.800000   0.050000   4.000000 
  0.800000   0.100000   4.000000 
  0.800000   0.150000   2.000000 
  0.800000   0.200000   2.000000 
  0.800000   0.250000   3.000000 
  0.800000   0.300000   3.000000 
  0.800000   0.350000   3.000000 
  0.800000   0.400000   2.000000 
  0.800000   0.450000   3.000000 
  0.800000   0.500000   7.000000 
  0.800000   0.550000   4.000000 
  0.800000   0.600000   4.000000 
  0.800000   0.650000   3.000000 
  0.800000   0.700000   4.000000 
  0.800000   0.750000   4.000000 
  0.800000   0.800000   4.000000 
  0.800000   0.850000   4.000000 
  0.800000   0.900000   4.000000 
  0.800000   0.950000   5.000000 
  0.800000   1.000000   4.000000 
  0.800000   1.050000   4.000000 
  0.800000   1.100000   4.000000 
  0.800000   1.150000   4.000000 
  0.800000   1.200000   4.000000 
  0.800000   1.250000   3.000000 
  0.800000   1.300000   3.000000 
  0.800000   1.350000   3.000000 
  0.800000   1.400000   3.000000 
  0.800000   1.450000   3.000000 
  0.800000   1.500000   3.000000 
  0.800000   1.550000   3.000000 
  0.800000   1.600000   3.000000 
  0.800000   1.650000   3.000000 
  0.800000   1.700000   3.000000 
  0.800000   1.750000   3.000000 
  0.800000   1.800000   3.000000 
  0.800000   1.850000   3.000000 
  0.800000   1.900000   2.000000 
  0.800000   1.950000   2.000000 
  0.800000   2.000000   2.000000 
  0.800000   2.050000   4.000000 
  0.800000   2.100000   4.000000 
  0.800000   2.150000   4.000000 
  0.800000   2.200000   4.000000 
  0.800000   2.250000   3.000000 
  0.800000   2.300000   3.000000 
  0.800000   2.350000   3.000000 
  0.800000   2.400000   3.000000 
  0.800000   2.450000   3.000000 
  0.800000   2.500000   3.000000 
  0.900000   0.050000   3.000000 
  0.900000   0.100000   4.000000 
  0.900000   0.150000   2.000000 
  0.900000   0.200000   2.000000 
  0.900000   0.250000   3.000000 
  0.900000   0.300000   3.000000 
  0.900000   0.350000   3.000000 
  0.900000   0.400000   3.000000 
  0.900000   0.450000   3.000000 
  0.900000   0.500000   5.000000 
  0.900000   0.550000   4.000000 
  0.900000   0.600000   4.000000 
  0.900000   0.650000   3.000000 
  0.900000   0.700000   3.000000 
  0.900000   0.750000   4.000000 
  0.900000   0.800000   4.000000 
  0.900000   0.850000   4.000000 
  0.900000   0.900000   4.000000 
  0.900000   0.950000   4.000000 
  0.900000   1.000000   4.000000 
  0.900000   1.050000   3.000000 
  0.900000   1.100000   3.000000 
  0.900000   1.150000   3.000000 
  0.900000   1.200000   3.000000 
  0.900000   1.250000   3.000000 
  0.900000   1.300000   3.000000 
  0.900000   1.350000   3.000000 
  0.900000   1.400000   3.000000 
  0.900000   1.450000   3.000000 
  0.900000   1.500000   3.000000 
  0.900000   1.550000   3.000000 
  0.900000   1.600000   3.000000 
  0.900000   1.650000   3.000000 
  0.900000   1.700000   4.000000 
  0.900000   1.750000   3.000000 
  0.900000   1.800000   2.000000 
  0.900000   1.850000   2.000000 
  0.900000   1.900000   2.000000 
  0.900000   1.950000   2.000000 
  0.900000   2.000000   2.000000 
  0.900000   2.050000   3.000000 
  0.900000   2.100000   4.000000 
  0.900000   2.150000   4.000000 
  0.900000   2.200000   4.000000 
  0.900000   2.250000   3.000000 
  0.900000   2.300000   3.000000 
  0.900000   2.350000   3.000000 
  0.900000   2.400000   3.000000 
  0.900000   2.450000   3.000000 
  0.900000   2.500000   3.000000 
  1.000000   0.050000   1.000000 
  1.000000   0.100000   3.000000 
  1.000000   0.150000   2.000000 
  1.000000   0.200000   2.000000 
  1.000000   0.250000   2.000000 
  1.000000   0.300000   2.000000 
  1.000000   0.350000   2.000000 
  1.000000   0.400000   2.000000 
  1.000000   0.450000   2.000000 
  1.000000   0.500000   3.000000 
  1.000000   0.550000   4.000000 
  1.000000   0.600000   4.000000 
  1.000000   0.650000   4.000000 
  1.000000   0.700000   3.000000 
  1.000000   0.750000   4.000000 
  1.000000   0.800000   5.000000 
  1.000000   0.850000   4.000000 
  1.000000   0.900000   3.000000 
  1.000000   0.950000   3.000000 
  1.000000   1.000000   3.000000 
  1.000000   1.050000   3.000000 
  1.000000   1.100000   2.000000 
  1.000000   1.150000   2.000000 
  1.000000   1.200000   3.000000 
  1.000000   1.250000   3.000000 
  1.000000   1.300000   3.000000 
  1.000000   1.350000   3.000000 
  1.000000   1.400000   3.000000 
  1.000000   1.450000   3.000000 
  1.000000   1.500000   3.000000 
  1.000000   1.550000   3.000000 
  1.000000   1.600000   3.000000 
  1.000000   1.650000   3.000000 
  1.000000   1.700000   2.000000 
  1.000000   1.750000   2.000000 
  1.000000   1.800000   2.000000 
  1.000000   1.850000   2.000000 
  1.000000   1.900000   2.000000 
  1.000000   1.950000   2.000000 
  1.000000   2.000000   2.000000 
  1.000000   2.050000   2.000000 
  1.000000   2.100000   3.000000 
  1.000000   2.150000   4.000000 
  1.000000   2.200000   3.000000 
  1.000000   2.250000   3.000000 
  1.000000   2.300000   3.000000 
  1.000000   2.350000   3.000000 
  1.000000   2.400000   3.000000 
  1.000000   2.450000   3.000000 
  1.000000   2.500000   3.000000 
  1.100000   0.050000   1.000000 
  1.100000   0.100000   3.000000 
  1.100000   0.150000   2.000000 
  1.100000   0.200000   2.000000 
  1.100000   0.250000   2.000000 
  1.100000   0.300000   2.000000 
  1.100000   0.350000   2.000000 
  1.100000   0.400000   2.000000 
  1.100000   0.450000   2.000000 
  1.100000   0.500000   2.000000 
  1.100000   0.550000   4.000000 
  1.100000   0.600000   4.000000 
  1.100000   0.650000   3.000000 
  1.100000   0.700000   3.000000 
  1.100000   0.750000   3.000000 
  1.100000   0.800000   5.000000 
  1.100000   0.850000   3.000000 
  1.100000   0.900000   3.000000 
  1.100000   0.950000   3.000000 
  1.100000   1.000000   2.000000 
  1.100000   1.050000   2.000000 
  1.100000   1.100000   2.000000 
  1.100000   1.150000   2.000000 
  1.100000   1.200000   3.000000 
  1.100000   1.250000   3.000000 
  1.100000   1.300000   3.000000 
  1.100000   1.350000   3.000000 
  1.100000   1.400000   3.000000 
  1.100000   1.450000   3.000000 
  1.100000   1.500000   3.000000 
  1.100000   1.550000   3.000000 
  1.100000   1.600000   3.000000 
  1.100000   1.650000   3.000000 
  1.100000   1.700000   3.000000 
  1.100000   1.750000   2.000000 
  1.100000   1.800000   2.000000 
  1.100000   1.850000   2.000000 
  1.100000   1.900000   2.000000 
  1.100000   1.950000   2.000000 
  1.100000   2.000000   2.000000 
  1.100000   2.050000   2.000000 
  1.100000   2.100000   2.000000 
  1.100000   2.150000   3.000000 
  1.100000   2.200000   3.000000 
  1.100000   2.250000   3.000000 
  1.100000   2.300000   3.000000 
  1.100000   2.350000   3.000000 
  1.100000   2.400000   3.000000 
  1.100000   2.450000   3.000000 
  1.100000   2.500000   3.000000 
  1.200000   0.050000   1.000000 
  1.200000   0.100000   3.000000 
  1.200000   0.150000   2.000000 
  1.200000   0.200000   2.000000 
  1.200000   0.250000   2.000000 
  1.200000   0.300000   2.000000 
  1.200000   0.350000   2.000000 
  1.200000   0.400000   2.000000 
  1.200000   0.450000   2.000000 
  1.200000   0.500000   2.000000 
  1.200000   0.550000   4.000000 
  1.200000   0.600000   3.000000 
  1.200000   0.650000   3.000000 
  1.200000   0.700000   3.000000 
  1.200000   0.750000   3.000000 
  1.200000   0.800000   3.000000 
  1.200000   0.850000   4.000000 
  1.200000   0.900000   3.000000 
  1.200000   0.950000   3.000000 
  1.200000   1.000000   2.000000 
  1.200000   1.050000   2.000000 
  1.200000   1.100000   2.000000 
  1.200000   1.150000   2.000000 
  1.200000   1.200000   2.000000 
  1.200000   1.250000   4.000000 
  1.200000   1.300000   3.000000 
  1.200000   1.350000   3.000000 
  1.200000   1.400000   3.000000 
  1.200000   1.450000   3.000000 
  1.200000   1.500000   3.000000 
  1.200000   1.550000   3.000000 
  1.200000   1.600000   3.000000 
  1.200000   1.650000   3.000000 
  1.200000   1.700000   2.000000 
  1.200000   1.750000   2.000000 
  1.200000   1.800000   2.000000 
  1.200000   1.850000   2.000000 
  1.200000   1.900000   2.000000 
  1.200000   1.950000   2.000000 
  1.200000   2.000000   2.000000 
  1.200000   2.050000   2.000000 
  1.200000   2.100000   2.000000 
  1.200000   2.150000   2.000000 
  1.200000   2.200000   3.000000 
  1.200000   2.250000   3.000000 
  1.200000   2.300000   3.000000 
  1.200000   2.350000   3.000000 
  1.200000   2.400000   3.000000 
  1.200000   2.450000   3.000000 
  1.200000   2.500000   3.000000 
  1.300000   0.050000   1.000000 
  1.300000   0.100000   3.000000 
  1.300000   0.150000   2.000000 
  1.300000   0.200000   2.000000 
  1.300000   0.250000   2.000000 
  1.300000   0.300000   2.000000 
  1.300000   0.350000   2.000000 
  1.300000   0.400000   2.000000 
  1.300000   0.450000   2.000000 
  1.300000   0.500000   2.000000 
  1.300000   0.550000   3.000000 
  1.300000   0.600000   3.000000 
  1.300000   0.650000   3.000000 
  1.300000   0.700000   3.000000 
  1.300000   0.750000   3.000000 
  1.300000   0.800000   3.000000 
  1.300000   0.850000   4.000000 
  1.300000   0.900000   3.000000 
  1.300000   0.950000   3.000000 
  1.300000   1.000000   2.000000 
  1.300000   1.050000   2.000000 
  1.300000   1.100000   2.000000 
  1.300000   1.150000   2.000000 
  1.300000   1.200000   2.000000 
  1.300000   1.250000   4.000000 
  1.300000   1.300000   3.000000 
  1.300000   1.350000   3.000000 
  1.300000   1.400000   3.000000 
  1.300000   1.450000   3.000000 
  1.300000   1.500000   3.000000 
  1.300000   1.550000   3.000000 
  1.300000   1.600000   3.000000 
  1.300000   1.650000   2.000000 
  1.300000   1.700000   2.000000 
  1.300000   1.750000   2.000000 
  1.300000   1.800000   2.000000 
  1.300000   1.850000   2.000000 
  1.300000   1.900000   2.000000 
  1.300000   1.950000   2.000000 
  1.300000   2.000000   2.000000 
  1.300000   2.050000   2.000000 
  1.300000   2.100000   2.000000 
  1.300000   2.150000   2.000000 
  1.300000   2.200000   2.000000 
  1.300000   2.250000   3.000000 
  1.300000   2.300000   3.000000 
  1.300000   2.350000   3.000000 
  1.300000   2.400000   3.000000 
  1.300000   2.450000   3.000000 
  1.300000   2.500000   3.000000 
  1.400000   0.050000   1.000000 
  1.400000   0.100000   3.000000 
  1.400000   0.150000   2.000000 
  1.400000   0.200000   2.000000 
  1.400000   0.250000   2.000000 
  1.400000   0.300000   2.000000 
  1.400000   0.350000   2.000000 
  1.400000   0.400000   2.000000 
  1.400000   0.450000   2.000000 
  1.400000   0.500000   2.000000 
  1.400000   0.550000   3.000000 
  1.400000   0.600000   3.000000 
  1.400000   0.650000   3.000000 
  1.400000   0.700000   3.000000 
  1.400000   0.750000   3.000000 
  1.400000   0.800000   3.000000 
  1.400000   0.850000   3.000000 
  1.400000   0.900000   3.000000 
  1.400000   0.950000   3.000000 
  1.400000   1.000000   2.000000 
  1.400000   1.050000   2.000000 
  1.400000   1.100000   2.000000 
  1.400000   1.150000   2.000000 
  1.400000   1.200000   2.000000 
  1.400000   1.250000   2.000000 
  1.400000   1.300000   3.000000 
  1.400000   1.350000   3.000000 
  1.400000   1.400000   3.000000 
  1.400000   1.450000   3.000000 
  1.400000   1.500000   3.000000 
  1.400000   1.550000   4.000000 
  1.400000   1.600000   2.000000 
  1.400000   1.650000   2.000000 
  1.400000   1.700000   2.000000 
  1.400000   1.750000   2.000000 
  1.400000   1.800000   2.000000 
  1.400000   1.850000   2.000000 
  1.400000   1.900000   2.000000 
  1.400000   1.950000   2.000000 
  1.400000   2.000000   2.000000 
  1.400000   2.050000   2.000000 
  1.400000   2.100000   2.000000 
  1.400000   2.150000   2.000000 
  1.400000   2.200000   2.000000 
  1.400000   2.250000   2.000000 
  1.400000   2.300000   3.000000 
  1.400000   2.350000   4.000000 
  1.400000   2.400000   3.000000 
  1.400000   2.450000   3.000000 
  1.400000   2.500000   3.000000 
  1.500000   0.050000   1.000000 
  1.500000   0.100000   2.000000 
  1.500000   0.150000   2.000000 
  1.500000   0.200000   2.000000 
  1.500000   0.250000   2.000000 
  1.500000   0.300000   2.000000 
  1.500000   0.350000   2.000000 
  1.500000   0.400000   2.000000 
  1.500000   0.450000   2.000000 
  1.500000   0.500000   2.000000 
  1.500000   0.550000   2.000000 
  1.500000   0.600000   3.000000 
  1.500000   0.650000   3.000000 
  1.500000   0.700000   3.000000 
  1.500000   0.750000   3.000000 
  1.500000   0.800000   3.000000 
  1.500000   0.850000   3.000000 
  1.500000   0.900000   3.000000 
  1.500000   0.950000   3.000000 
  1.500000   1.000000   2.000000 
  1.500000   1.050000   2.000000 
  1.500000   1.100000   2.000000 
  1.500000   1.150000   2.000000 
  1.500000   1.200000   2.000000 
  1.500000   1.250000   2.000000 
  1.500000   1.300000   4.000000 
  1.500000   1.350000   3.000000 
  1.500000   1.400000   3.000000 
  1.500000   1.450000   3.000000 
  1.500000   1.500000   3.000000 
  1.500000   1.550000   3.000000 
  1.500000   1.600000   3.000000 
  1.500000   1.650000   3.000000 
  1.500000   1.700000   2.000000 
  1.500000   1.750000   2.000000 
  1.500000   1.800000   2.000000 
  1.500000   1.850000   2.000000 
  1.500000   1.900000   2.000000 
  1.500000   1.950000   2.000000 
  1.500000   2.000000   2.000000 
  1.500000   2.050000   2.000000 
  1.500000   2.100000   2.000000 
  1.500000   2.150000   2.000000 
  1.500000   2.200000   2.000000 
  1.500000   2.250000   2.000000 
  1.500000   2.300000   2.000000 
  1.500000   2.350000   3.000000 
  1.500000   2.400000   4.000000 
  1.500000   2.450000   2.000000 
  1.500000   2.500000   2.000000 
  1.600000   0.050000   1.000000 
  1.600000   0.100000   1.000000 
  1.600000   0.150000   3.000000 
  1.600000   0.200000   2.000000 
  1.600000   0.250000   2.000000 
  1.600000   0.300000   2.000000 
  1.600000   0.350000   2.000000 
  1.600000   0.400000   2.000000 
  1.600000   0.450000   2.000000 
  1.600000   0.500000   2.000000 
  1.600000   0.550000   2.000000 
  1.600000   0.600000   3.000000 
  1.600000   0.650000   3.000000 
  1.600000   0.700000   3.000000 
  1.600000   0.750000   3.000000 
  1.600000   0.800000   3.000000 
  1.600000   0.850000   3.000000 
  1.600000   0.900000   3.000000 
  1.600000   0.950000   3.000000 
  1.600000   1.000000   2.000000 
  1.600000   1.050000   2.000000 
  1.600000   1.100000   2.000000 
  1.600000   1.150000   2.000000 
  1.600000   1.200000   2.000000 
  1.600000   1.250000   2.000000 
  1.600000   1.300000   2.000000 
  1.600000   1.350000   3.000000 
  1.600000   1.400000   3.000000 
  1.600000   1.450000   3.000000 
  1.600000   1.500000   3.000000 
  1.600000   1.550000   3.000000 
  1.600000   1.600000   2.000000 
  1.600000   1.650000   2.000000 
  1.600000   1.700000   2.000000 
  1.600000   1.750000   1.000000 
  1.600000   1.800000   1.000000 
  1.600000   1.850000   1.000000 
  1.600000   1.900000   1.000000 
  1.600000   1.950000   1.000000 
  1.600000   2.000000   1.000000 
  1.600000   2.050000   1.000000 
  1.600000   2.100000   1.000000 
  1.600000   2.150000   1.000000 
  1.600000   2.200000   1.000000 
  1.600000   2.250000   1.000000 
  1.600000   2.300000   1.000000 
  1.600000   2.350000   1.000000 
  1.600000   2.400000   2.000000 
  1.600000   2.450000   2.000000 
  1.600000   2.500000   2.000000 
  1.700000   0.050000   1.000000 
  1.700000   0.100000   1.000000 
  1.700000   0.150000   3.000000 
  1.700000   0.200000   2.000000 
  1.700000   0.250000   2.000000 
  1.700000   0.300000   2.000000 
  1.700000   0.350000   2.000000 
  1.700000   0.400000   2.000000 
  1.700000   0.450000   2.000000 
  1.700000   0.500000   2.000000 
  1.700000   0.550000   2.000000 
  1.700000   0.600000   3.000000 
  1.700000   0.650000   3.000000 
  1.700000   0.700000   3.000000 
  1.700000   0.750000   3.000000 
  1.700000   0.800000   3.000000 
  1.700000   0.850000   3.000000 
  1.700000   0.900000   3.000000 
  1.700000   0.950000   2.000000 
  1.700000   1.000000   2.000000 
  1.700000   1.050000   2.000000 
  1.700000   1.100000   2.000000 
  1.700000   1.150000   2.000000 
  1.700000   1.200000   1.000000 
  1.700000   1.250000   1.000000 
  1.700000   1.300000   1.000000 
  1.700000   1.350000   2.000000 
  1.700000   1.400000   2.000000 
  1.700000   1.450000   2.000000 
  1.700000   1.500000   2.000000 
  1.700000   1.550000   2.000000 
  1.700000   1.600000   2.000000 
  1.700000   1.650000   2.000000 
  1.700000   1.700000   2.000000 
  1.700000   1.750000   1.000000 
  1.700000   1.800000   1.000000 
  1.700000   1.850000   1.000000 
  1.700000   1.900000   1.000000 
  1.700000   1.950000   1.000000 
  1.700000   2.000000   1.000000 
  1.700000   2.050000   1.000000 
  1.700000   2.100000   1.000000 
  1.700000   2.150000   1.000000 
  1.700000   2.200000   1.000000 
  1.700000   2.250000   1.000000 
  1.700000   2.300000   1.000000 
  1.700000   2.350000   1.000000 
  1.700000   2.400000   1.000000 
  1.700000   2.450000   1.000000 
  1.700000   2.500000   2.000000 
  1.800000   0.050000   1.000000 
  1.800000   0.100000   1.000000 
  1.800000   0.150000   2.000000 
  1.800000   0.200000   2.000000 
  1.800000   0.250000   2.000000 
  1.800000   0.300000   2.000000 
  1.800000   0.350000   2.000000 
  1.800000   0.400000   2.000000 
  1.800000   0.450000   2.000000 
  1.800000   0.500000   2.000000 
  1.800000   0.550000   2.000000 
  1.800000   0.600000   3.000000 
  1.800000   0.650000   3.000000 
  1.800000   0.700000   3.000000 
  1.800000   0.750000   3.000000 
  1.800000   0.800000   3.000000 
  1.800000   0.850000   3.000000 
  1.800000   0.900000   3.000000 
  1.800000   0.950000   1.000000 
  1.800000   1.000000   1.000000 
  1.800000   1.050000   1.000000 
  1.800000   1.100000   1.000000 
  1.800000   1.150000   1.000000 
  1.800000   1.200000   1.000000 
  1.800000   1.250000   1.000000 
  1.800000   1.300000   1.000000 
  1.800000   1.350000   1.000000 
  1.800000   1.400000   3.000000 
  1.800000   1.450000   2.000000 
  1.800000   1.500000   2.000000 
  1.800000   1.550000   2.000000 
  1.800000   1.600000   2.000000 
  1.800000   1.650000   2.000000 
  1.800000   1.700000   2.000000 
  1.800000   1.750000   1.000000 
  1.800000   1.800000   1.000000 
  1.800000   1.850000   1.000000 
  1.800000   1.900000   1.000000 
  1.800000   1.950000   1.000000 
  1.800000   2.000000   1.000000 
  1.800000   2.050000   1.000000 
  1.800000   2.100000   1.000000 
  1.800000   2.150000   1.000000 
  1.800000   2.200000   1.000000 
  1.800000   2.250000   1.000000 
  1.800000   2.300000   1.000000 
  1.800000   2.350000   1.000000 
  1.800000   2.400000   1.000000 
  1.800000   2.450000   1.000000 
  1.800000   2.500000   1.000000 
  1.900000   0.050000   1.000000 
  1.900000   0.100000   1.000000 
  1.900000   0.150000   2.000000 
  1.900000   0.200000   2.000000 
  1.900000   0.250000   2.000000 
  1.900000   0.300000   2.000000 
  1.900000   0.350000   2.000000 
  1.900000   0.400000   2.000000 
  1.900000   0.450000   2.000000 
  1.900000   0.500000   2.000000 
  1.900000   0.550000   2.000000 
  1.900000   0.600000   3.000000 
  1.900000   0.650000   3.000000 
  1.900000   0.700000   3.000000 
  1.900000   0.750000   2.000000 
  1.900000   0.800000   2.000000 
  1.900000   0.850000   2.000000 
  1.900000   0.900000   1.000000 
  1.900000   0.950000   1.000000 
  1.900000   1.000000   1.000000 
  1.900000   1.050000   1.000000 
  1.900000   1.100000   1.000000 
  1.900000   1.150000   1.000000 
  1.900000   1.200000   1.000000 
  1.900000   1.250000   1.000000 
  1.900000   1.300000   1.000000 
  1.900000   1.350000   1.000000 
  1.900000   1.400000   1.000000 
  1.900000   1.450000   2.000000 
  1.900000   1.500000   2.000000 
  1.900000   1.550000   2.000000 
  1.900000   1.600000   2.000000 
  1.900000   1.650000   2.000000 
  1.900000   1.700000   2.000000 
  1.900000   1.750000   1.000000 
  1.900000   1.800000   1.000000 
  1.900000   1.850000   1.000000 
  1.900000   1.900000   1.000000 
  1.900000   1.950000   1.000000 
  1.900000   2.000000   1.000000 
  1.900000   2.050000   1.000000 
  1.900000   2.100000   1.000000 
  1.900000   2.150000   1.000000 
  1.900000   2.200000   1.000000 
  1.900000   2.250000   1.000000 
  1.900000   2.300000   1.000000 
  1.900000   2.350000   1.000000 
  1.900000   2.400000   1.000000 
  1.900000   2.450000   1.000000 
  1.900000   2.500000   1.000000 
  2.000000   0.050000   1.000000 
  2.000000   0.100000   1.000000 
  2.000000   0.150000   2.000000 
  2.000000   0.200000   2.000000 
  2.000000   0.250000   2.000000 
  2.000000   0.300000   2.000000 
  2.000000   0.350000   2.000000 
  2.000000   0.400000   2.000000 
  2.000000   0.450000   2.000000 
  2.000000   0.500000   2.000000 
  2.000000   0.550000   2.000000 
  2.000000   0.600000   3.000000 
  2.000000   0.650000   2.000000 
  2.000000   0.700000   2.000000 
  2.000000   0.750000   2.000000 
  2.000000   0.800000   2.000000 
  2.000000   0.850000   1.000000 
  2.000000   0.900000   1.000000 
  2.000000   0.950000   1.000000 
  2.000000   1.000000   1.000000 
  2.000000   1.050000   1.000000 
  2.000000   1.100000   1.000000 
  2.000000   1.150000   1.000000 
  2.000000   1.200000   1.000000 
  2.000000   1.250000   1.000000 
  2.000000   1.300000   1.000000 
  2.000000   1.350000   1.000000 
  2.000000   1.400000   1.000000 
  2.000000   1.450000   1.000000 
  2.000000   1.500000   2.000000 
  2.000000   1.550000   2.000000 
  2.000000   1.600000   2.000000 
  2.000000   1.650000   2.000000 
  2.000000   1.700000   2.000000 
  2.000000   1.750000   1.000000 
  2.000000   1.800000   1.000000 
  2.000000   1.850000   1.000000 
  2.000000   1.900000   1.000000 
  2.000000   1.950000   1.000000 
  2.000000   2.000000   1.000000 
  2.000000   2.050000   1.000000 
  2.000000   2.100000   1.000000 
  2.000000   2.150000   1.000000 
  2.000000   2.200000   1.000000 
  2.000000   2.250000   1.000000 
  2.000000   2.300000   1.000000 
  2.000000   2.350000   1.000000 
  2.000000   2.400000   1.000000 
  2.000000   2.450000   1.000000 
  2.000000   2.500000   1.000000 
  2.100000   0.050000   1.000000 
  2.100000   0.100000   1.000000 
  2.100000   0.150000   2.000000 
  2.100000   0.200000   2.000000 
  2.100000   0.250000   2.000000 
  2.100000   0.300000   2.000000 
  2.100000   0.350000   2.000000 
  2.100000   0.400000   2.000000 
  2.100000   0.450000   2.000000 
  2.100000   0.500000   2.000000 
  2.100000   0.550000   1.000000 
  2.100000   0.600000   1.000000 
  2.100000   0.650000   2.000000 
  2.100000   0.700000   2.000000 
  2.100000   0.750000   2.000000 
  2.100000   0.800000   1.000000 
  2.100000   0.850000   1.000000 
  2.100000   0.900000   1.000000 
  2.100000   0.950000   1.000000 
  2.100000   1.000000   1.000000 
  2.100000   1.050000   1.000000 
  2.100000   1.100000   1.000000 
  2.100000   1.150000   1.000000 
  2.100000   1.200000   1.000000 
  2.100000   1.250000   1.000000 
  2.100000   1.300000   1.000000 
  2.100000   1.350000   1.000000 
  2.100000   1.400000   1.000000 
  2.100000   1.450000   1.000000 
  2.100000   1.500000   1.000000 
  2.100000   1.550000   2.000000 
  2.100000   1.600000   2.000000 
  2.100000   1.650000   2.000000 
  2.100000   1.700000   1.000000 
  2.100000   1.750000   1.000000 
  2.100000   1.800000   1.000000 
  2.100000   1.850000   1.000000 
  2.100000   1.900000   1.000000 
  2.100000   1.950000   1.000000 
  2.100000   2.000000   1.000000 
  2.100000   2.050000   1.000000 
  2.100000   2.100000   1.000000 
  2.100000   2.150000   1.000000 
  2.100000   2.200000   1.000000 
  2.100000   2.250000   1.000000 
  2.100000   2.300000   1.000000 
  2.100000   2.350000   1.000000 
  2.100000   2.400000   1.000000 
  2.100000   2.450000   1.000000 
  2.100000   2.500000   1.000000 
  2.200000   0.050000   1.000000 
  2.200000   0.100000   1.000000 
  2.200000   0.150000   2.000000 
  2.200000   0.200000   2.000000 
  2.200000   0.250000   2.000000 
  2.200000   0.300000   2.000000 
  2.200000   0.350000   2.000000 
  2.200000   0.400000   2.000000 
  2.200000   0.450000   2.000000 
  2.200000   0.500000   1.000000 
  2.200000   0.550000   1.000000 
  2.200000   0.600000   1.000000 
  2.200000   0.650000   2.000000 
  2.200000   0.700000   2.000000 
  2.200000   0.750000   2.000000 
  2.200000   0.800000   1.000000 
  2.200000   0.850000   1.000000 
  2.200000   0.900000   1.000000 
  2.200000   0.950000   1.000000 
  2.200000   1.000000   1.000000 
  2.200000   1.050000   1.000000 
  2.200000   1.100000   1.000000 
  2.200000   1.150000   1.000000 
  2.200000   1.200000   1.000000 
  2.200000   1.250000   1.000000 
  2.200000   1.300000   1.000000 
  2.200000   1.350000   1.000000 
  2.200000   1.400000   1.000000 
  2.200000   1.450000   1.000000 
  2.200000   1.500000   1.000000 
  2.200000   1.550000   1.000000 
  2.200000   1.600000   2.000000 
  2.200000   1.650000   2.000000 
  2.200000   1.700000   1.000000 
  2.200000   1.750000   1.000000 
  2.200000   1.800000   1.000000 
  2.200000   1.850000   1.000000 
  2.200000   1.900000   1.000000 
  2.200000   1.950000   1.000000 
  2.200000   2.000000   1.000000 
  2.200000   2.050000   1.000000 
  2.200000   2.100000   1.000000 
  2.200000   2.150000   1.000000 
  2.200000   2.200000   1.000000 
  2.200000   2.250000   1.000000 
  2.200000   2.300000   1.000000 
  2.200000   2.350000   1.000000 
  2.200000   2.400000   1.000000 
  2.200000   2.450000   1.000000 
  2.200000   2.500000   1.000000 
  2.300000   0.050000   1.000000 
  2.300000   0.100000   1.000000 
  2.300000   0.150000   2.000000 
  2.300000   0.200000   2.000000 
  2.300000   0.250000   2.000000 
  2.300000   0.300000   2.000000 
  2.300000   0.350000   2.000000 
  2.300000   0.400000   2.000000 
  2.300000   0.450000   1.000000 
  2.300000   0.500000   1.000000 
  2.300000   0.550000   1.000000 
  2.300000   0.600000   1.000000 
  2.300000   0.650000   2.000000 
  2.300000   0.700000   2.000000 
  2.300000   0.750000   2.000000 
  2.300000   0.800000   1.000000 
  2.300000   0.850000   1.000000 
  2.300000   0.900000   1.000000 
  2.300000   0.950000   1.000000 
  2.300000   1.000000   1.000000 
  2.300000   1.050000   1.000000 
  2.300000   1.100000   1.000000 
  2.300000   1.150000   1.000000 
  2.300000   1.200000   1.000000 
  2.300000   1.250000   1.000000 
  2.300000   1.300000   1.000000 
  2.300000   1.350000   1.000000 
  2.300000   1.400000   1.000000 
  2.300000   1.450000   1.000000 
  2.300000   1.500000   1.000000 
  2.300000   1.550000   1.000000 
  2.300000   1.600000   2.000000 
  2.300000   1.650000   2.000000 
  2.300000   1.700000   1.000000 
  2.300000   1.750000   1.000000 
  2.300000   1.800000   1.000000 
  2.300000   1.850000   1.000000 
  2.300000   1.900000   1.000000 
  2.300000   1.950000   1.000000 
  2.300000   2.000000   1.000000 
  2.300000   2.050000   1.000000 
  2.300000   2.100000   1.000000 
  2.300000   2.150000   1.000000 
  2.300000   2.200000   1.000000 
  2.300000   2.250000   1.000000 
  2.300000   2.300000   1.000000 
  2.300000   2.350000   1.000000 
  2.300000   2.400000   1.000000 
  2.300000   2.450000   1.000000 
  2.300000   2.500000   1.000000 
  2.400000   0.050000   1.000000 
  2.400000   0.100000   1.000000 
  2.400000   0.150000   2.000000 
  2.400000   0.200000   2.000000 
  2.400000   0.250000   2.000000 
  2.400000   0.300000   2.000000 
  2.400000   0.350000   2.000000 
  2.400000   0.400000   1.000000 
  2.400000   0.450000   1.000000 
  2.400000   0.500000   1.000000 
  2.400000   0.550000   1.000000 
  2.400000   0.600000   1.000000 
  2.400000   0.650000   1.000000 
  2.400000   0.700000   2.000000 
  2.400000   0.750000   1.000000 
  2.400000   0.800000   1.000000 
  2.400000   0.850000   1.000000 
  2.400000   0.900000   1.000000 
  2.400000   0.950000   1.000000 
  2.400000   1.000000   1.000000 
  2.400000   1.050000   1.000000 
  2.400000   1.100000   1.000000 
  2.400000   1.150000   1.000000 
  2.400000   1.200000   1.000000 
  2.400000   1.250000   1.000000 
  2.400000   1.300000   1.000000 
  2.400000   1.350000   1.000000 
  2.400000   1.400000   1.000000 
  2.400000   1.450000   1.000000 
  2.400000   1.500000   1.000000 
  2.400000   1.550000   1.000000 
  2.400000   1.600000   1.000000 
  2.400000   1.650000   2.000000 
  2.400000   1.700000   2.000000 
  2.400000   1.750000   1.000000 
  2.400000   1.800000   1.000000 
  2.400000   1.850000   1.000000 
  2.400000   1.900000   1.000000 
  2.400000   1.950000   1.000000 
  2.400000   2.000000   1.000000 
  2.400000   2.050000   1.000000 
  2.400000   2.100000   1.000000 
  2.400000   2.150000   1.000000 
  2.400000   2.200000   1.000000 
  2.400000   2.250000   1.000000 
  2.400000   2.300000   1.000000 
  2.400000   2.350000   1.000000 
  2.400000   2.400000   1.000000 
  2.400000   2.450000   1.000000 
  2.400000   2.500000   1.000000 
  2.500000   0.050000   1.000000 
  2.500000   0.100000   1.000000 
  2.500000   0.150000   2.000000 
  2.500000   0.200000   2.000000 
  2.500000   0.250000   2.000000 
  2.500000   0.300000   2.000000 
  2.500000   0.350000   1.000000 
  2.500000   0.400000   1.000000 
  2.500000   0.450000   1.000000 
  2.500000   0.500000   1.000000 
  2.500000   0.550000   1.000000 
  2.500000   0.600000   1.000000 
  2.500000   0.650000   1.000000 
  2.500000   0.700000   2.000000 
  2.500000   0.750000   2.000000 
  2.500000   0.800000   1.000000 
  2.500000   0.850000   1.000000 
  2.500000   0.900000   1.000000 
  2.500000   0.950000   1.000000 
  2.500000   1.000000   1.000000 
  2.500000   1.050000   1.000000 
  2.500000   1.100000   1.000000 
  2.500000   1.150000   1.000000 
  2.500000   1.200000   1.000000 
  2.500000   1.250000   1.000000 
  2.500000   1.300000   1.000000 
  2.500000   1.350000   1.000000 
  2.500000   1.400000   1.000000 
  2.500000   1.450000   1.000000 
  2.500000   1.500000   1.000000 
  2.500000   1.550000   1.000000 
  2.500000   1.600000   1.000000 
  2.500000   1.650000   1.000000 
  2.500000   1.700000   2.000000 
  2.500000   1.750000   2.000000 
  2.500000   1.800000   1.000000 
  2.500000   1.850000   1.000000 
  2.500000   1.900000   1.000000 
  2.500000   1.950000   1.000000 
  2.500000   2.000000   1.000000 
  2.500000   2.050000   1.000000 
  2.500000   2.100000   1.000000 
  2.500000   2.150000   1.000000 
  2.500000   2.200000   1.000000 
  2.500000   2.250000   1.000000 
  2.500000   2.300000   1.000000 
  2.500000   2.350000   1.000000 
  2.500000   2.400000   1.000000 
  2.500000   2.450000   1.000000 
  2.500000   2.500000   1.000000 
