0.500000     0.500000   3.000000   0.376664 57313.999538 
0.530000     0.500000   3.000000   0.374240 58643.882219 
0.500000     0.530000   3.000000   0.374240 58643.882219 
0.530000     0.530000   3.000000   0.372157 59730.817274 
0.530000     0.530000   3.000000   0.372157 59730.817274 
0.530000     0.530000   3.000000   0.372157 59730.817274 
0.560000     0.500000   2.000000   0.367703 74392.992058 
0.500000     0.560000   2.000000   0.367703 74392.992058 
0.560000     0.530000   2.000000   0.365101 83228.759431 
0.530000     0.560000   2.000000   0.365101 83228.759431 
0.560000     0.560000   3.000000   0.356739 117706.560462 
0.560000     0.560000   3.000000   0.356739 117706.560462 
0.560000     0.560000   3.000000   0.356739 117706.560462 
0.590000     0.500000   3.000000   0.353743 131179.700131 
0.500000     0.590000   3.000000   0.353743 131179.700131 
0.590000     0.530000   4.000000   0.351606 140769.099659 
0.530000     0.590000   4.000000   0.351606 140769.099659 
0.590000     0.560000   3.000000   0.343015 155433.173158 
0.560000     0.590000   3.000000   0.343015 155433.173158 
0.590000     0.590000   4.000000   0.333665 166179.661687 
0.590000     0.590000   4.000000   0.333665 166179.661687 
0.590000     0.590000   4.000000   0.333665 166179.661687 
0.620000     0.500000   4.000000   0.345281 152103.460576 
0.500000     0.620000   4.000000   0.345281 152103.460576 
0.620000     0.530000   3.000000   0.342366 158542.200183 
0.530000     0.620000   3.000000   0.342366 158542.200183 
0.620000     0.560000   4.000000   0.339462 146034.464063 
0.560000     0.620000   4.000000   0.339462 146034.464063 
0.620000     0.590000   4.000000   0.371959 220601.798174 
0.590000     0.620000   4.000000   0.371959 220601.798174 
0.620000     0.620000   3.000000   0.375270 307872.560974 
0.620000     0.620000   3.000000   0.375270 307872.560974 
0.620000     0.620000   3.000000   0.375270 307872.560974 
0.650000     0.500000   4.000000   0.344968 264644.157826 
0.500000     0.650000   4.000000   0.344968 264644.157826 
0.650000     0.530000   3.000000   0.349128 214640.766014 
0.530000     0.650000   3.000000   0.349128 214640.766014 
0.650000     0.560000   3.000000   0.348451 217069.532333 
0.560000     0.650000   3.000000   0.348451 217069.532333 
0.650000     0.590000   2.000000   0.530774 548432.609980 
0.590000     0.650000   2.000000   0.530774 548432.609980 
0.650000     0.620000   2.000000   0.447956 412758.679319 
0.620000     0.650000   2.000000   0.447956 412758.679319 
0.650000     0.650000   1.000000   0.509340 247496.817716 
0.650000     0.650000   1.000000   0.509340 247496.817716 
0.650000     0.650000   1.000000   0.509340 247496.817716 
0.680000     0.500000   2.000000   0.407767 341317.886847 
0.500000     0.680000   2.000000   0.407767 341317.886847 
0.680000     0.530000   2.000000   0.416025 204000.070127 
0.530000     0.680000   2.000000   0.416025 204000.070127 
0.680000     0.560000   2.000000   0.572505 526863.960457 
0.560000     0.680000   2.000000   0.572505 526863.960457 
0.680000     0.590000   3.000000   0.476647 232505.095627 
0.590000     0.680000   3.000000   0.476647 232505.095627 
0.680000     0.620000   1.000000   0.521358 253028.914377 
0.620000     0.680000   1.000000   0.521358 253028.914377 
0.680000     0.650000   1.000000   0.567624 273897.829228 
0.650000     0.680000   1.000000   0.567624 273897.829228 
0.680000     0.680000   1.000000   0.603909 290524.434925 
0.680000     0.680000   1.000000   0.603909 290524.434925 
0.680000     0.680000   1.000000   0.603909 290524.434925 
0.710000     0.500000   2.000000   0.503026 244719.988037 
0.500000     0.710000   2.000000   0.503026 244719.988037 
0.710000     0.530000   1.000000   0.509026 247473.826700 
0.530000     0.710000   1.000000   0.509026 247473.826700 
0.710000     0.560000   1.000000   0.526317 255407.795692 
0.560000     0.710000   1.000000   0.526317 255407.795692 
0.710000     0.590000   1.000000   0.551778 267009.633982 
0.590000     0.710000   1.000000   0.551778 267009.633982 
0.710000     0.620000   1.000000   0.580807 280447.193136 
0.620000     0.710000   1.000000   0.580807 280447.193136 
0.710000     0.650000   1.000000   0.606194 292849.295205 
0.650000     0.710000   1.000000   0.606194 292849.295205 
0.710000     0.680000   1.000000   0.618810 300990.458868 
0.680000     0.710000   1.000000   0.618810 300990.458868 
0.710000     0.710000   1.000000   0.655924 304728.442651 
0.710000     0.710000   1.000000   0.655924 304728.442651 
0.710000     0.710000   1.000000   0.655924 304728.442651 
0.740000     0.500000   1.000000   0.571272 278782.110568 
0.500000     0.740000   1.000000   0.571272 278782.110568 
0.740000     0.530000   1.000000   0.574795 280536.398588 
0.530000     0.740000   1.000000   0.574795 280536.398588 
0.740000     0.560000   1.000000   0.583990 285093.848098 
0.560000     0.740000   1.000000   0.583990 285093.848098 
0.740000     0.590000   1.000000   0.596841 291960.668399 
0.590000     0.740000   1.000000   0.596841 291960.668399 
0.740000     0.620000   1.000000   0.609491 299276.836829 
0.620000     0.740000   1.000000   0.609491 299276.836829 
0.740000     0.650000   1.000000   0.615522 304149.085676 
0.650000     0.740000   1.000000   0.615522 304149.085676 
0.740000     0.680000   1.000000   0.639309 305641.679389 
0.680000     0.740000   1.000000   0.639309 305641.679389 
0.740000     0.710000   1.000000   0.679242 304310.346096 
0.710000     0.740000   1.000000   0.679242 304310.346096 
0.740000     0.740000   1.000000   0.688720 298664.239893 
0.740000     0.740000   1.000000   0.688720 298664.239893 
0.740000     0.740000   1.000000   0.688720 298664.239893 
0.770000     0.500000   1.000000   0.598947 300668.267095 
0.500000     0.770000   1.000000   0.598947 300668.267095 
0.770000     0.530000   1.000000   0.600376 301387.850611 
0.530000     0.770000   1.000000   0.600376 301387.850611 
0.770000     0.560000   1.000000   0.604281 303575.161752 
0.560000     0.770000   1.000000   0.604281 303575.161752 
0.770000     0.590000   1.000000   0.608336 306162.480258 
0.590000     0.770000   1.000000   0.608336 306162.480258 
0.770000     0.620000   1.000000   0.608624 307523.026498 
0.620000     0.770000   1.000000   0.608624 307523.026498 
0.770000     0.650000   1.000000   0.600891 306398.609649 
0.650000     0.770000   1.000000   0.600891 306398.609649 
0.770000     0.680000   1.000000   0.641916 302810.168121 
0.680000     0.770000   1.000000   0.641916 302810.168121 
0.770000     0.710000   1.000000   0.667492 296315.033727 
0.710000     0.770000   1.000000   0.667492 296315.033727 
0.770000     0.740000   1.000000   0.666699 285094.903309 
0.740000     0.770000   1.000000   0.666699 285094.903309 
0.770000     0.770000   1.000000   0.638845 267175.309738 
0.770000     0.770000   1.000000   0.638845 267175.309738 
0.770000     0.770000   1.000000   0.638845 267175.309738 
0.800000     0.500000   1.000000   0.630136 305970.172367 
0.500000     0.800000   1.000000   0.630136 305970.172367 
0.800000     0.530000   1.000000   0.628255 306002.081369 
0.530000     0.800000   1.000000   0.628255 306002.081369 
0.800000     0.560000   1.000000   0.623001 306045.156848 
0.560000     0.800000   1.000000   0.623001 306045.156848 
0.800000     0.590000   1.000000   0.614298 305206.514642 
0.590000     0.800000   1.000000   0.614298 305206.514642 
0.800000     0.620000   1.000000   0.600747 302450.513695 
0.620000     0.800000   1.000000   0.600747 302450.513695 
0.800000     0.650000   1.000000   0.591021 297168.043411 
0.650000     0.800000   1.000000   0.591021 297168.043411 
0.800000     0.680000   1.000000   0.615136 289075.876127 
0.680000     0.800000   1.000000   0.615136 289075.876127 
0.800000     0.710000   1.000000   0.627887 277838.092979 
0.710000     0.800000   1.000000   0.627887 277838.092979 
0.800000     0.740000   1.000000   0.619383 262684.430656 
0.740000     0.800000   1.000000   0.619383 262684.430656 
0.800000     0.770000   1.000000   0.589080 244058.093678 
0.770000     0.800000   1.000000   0.589080 244058.093678 
0.800000     0.800000   1.000000   0.546388 229698.425206 
0.800000     0.800000   1.000000   0.546388 229698.425206 
0.800000     0.800000   1.000000   0.546388 229698.425206 
0.830000     0.500000   1.000000   0.626160 295820.325596 
0.500000     0.830000   1.000000   0.626160 295820.325596 
0.830000     0.530000   1.000000   0.622813 295508.642726 
0.530000     0.830000   1.000000   0.622813 295508.642726 
0.830000     0.560000   1.000000   0.612793 294073.687093 
0.560000     0.830000   1.000000   0.612793 294073.687093 
0.830000     0.590000   1.000000   0.596976 290943.170412 
0.590000     0.830000   1.000000   0.596976 290943.170412 
0.830000     0.620000   1.000000   0.581911 285268.001027 
0.620000     0.830000   1.000000   0.581911 285268.001027 
0.830000     0.650000   1.000000   0.570271 276603.555127 
0.650000     0.830000   1.000000   0.570271 276603.555127 
0.830000     0.680000   1.000000   0.569749 265016.347157 
0.680000     0.830000   1.000000   0.569749 265016.347157 
0.830000     0.710000   1.000000   0.569985 251052.215362 
0.710000     0.830000   1.000000   0.569985 251052.215362 
0.830000     0.740000   1.000000   0.555467 236789.773267 
0.740000     0.830000   1.000000   0.555467 236789.773267 
0.830000     0.770000   1.000000   0.528698 228935.721900 
0.770000     0.830000   1.000000   0.528698 228935.721900 
0.830000     0.800000   1.000000   0.486973 227135.594708 
0.800000     0.830000   1.000000   0.486973 227135.594708 
0.830000     0.830000   1.000000   0.443146 228793.010974 
0.830000     0.830000   1.000000   0.443146 228793.010974 
0.830000     0.830000   1.000000   0.443146 228793.010974 
0.860000     0.500000   1.000000   0.577101 276737.601626 
0.500000     0.860000   1.000000   0.577101 276737.601626 
0.860000     0.530000   1.000000   0.572731 276008.478457 
0.530000     0.860000   1.000000   0.572731 276008.478457 
0.860000     0.560000   1.000000   0.560473 273575.403531 
0.560000     0.860000   1.000000   0.560473 273575.403531 
0.860000     0.590000   1.000000   0.545426 268581.488138 
0.590000     0.860000   1.000000   0.545426 268581.488138 
0.860000     0.620000   1.000000   0.531228 260425.805815 
0.620000     0.860000   1.000000   0.531228 260425.805815 
0.860000     0.650000   1.000000   0.519276 249303.001131 
0.650000     0.860000   1.000000   0.519276 249303.001131 
0.860000     0.680000   1.000000   0.508013 237980.080898 
0.680000     0.860000   1.000000   0.508013 237980.080898 
0.860000     0.710000   1.000000   0.494894 231136.494461 
0.710000     0.860000   1.000000   0.494894 231136.494461 
0.860000     0.740000   1.000000   0.477783 228358.099876 
0.740000     0.860000   1.000000   0.477783 228358.099876 
0.860000     0.770000   1.000000   0.452269 228099.222381 
0.770000     0.860000   1.000000   0.452269 228099.222381 
0.860000     0.800000   1.000000   0.422862 229563.268548 
0.800000     0.860000   1.000000   0.422862 229563.268548 
0.860000     0.830000   1.000000   0.390071 232151.758421 
0.830000     0.860000   1.000000   0.390071 232151.758421 
0.860000     0.860000   1.000000   0.346439 235297.196183 
0.860000     0.860000   1.000000   0.346439 235297.196183 
0.860000     0.860000   1.000000   0.346439 235297.196183 
0.890000     0.500000   1.000000   0.482102 260903.762351 
0.500000     0.890000   1.000000   0.482102 260903.762351 
0.890000     0.530000   1.000000   0.477729 258965.303476 
0.530000     0.890000   1.000000   0.477729 258965.303476 
0.890000     0.560000   1.000000   0.467149 253519.164450 
0.560000     0.890000   1.000000   0.467149 253519.164450 
0.890000     0.590000   1.000000   0.456258 245214.589134 
0.590000     0.890000   1.000000   0.456258 245214.589134 
0.890000     0.620000   1.000000   0.444364 234585.138156 
0.620000     0.890000   1.000000   0.444364 234585.138156 
0.890000     0.650000   1.000000   0.433569 228373.702307 
0.650000     0.890000   1.000000   0.433569 228373.702307 
0.890000     0.680000   1.000000   0.420650 227085.053072 
0.680000     0.890000   1.000000   0.420650 227085.053072 
0.890000     0.710000   1.000000   0.403478 227479.964681 
0.710000     0.890000   1.000000   0.403478 227479.964681 
0.890000     0.740000   1.000000   0.382455 228906.954612 
0.740000     0.890000   1.000000   0.382455 228906.954612 
0.890000     0.770000   1.000000   0.365285 230955.238709 
0.770000     0.890000   1.000000   0.365285 230955.238709 
0.890000     0.800000   1.000000   0.344786 233278.386074 
0.800000     0.890000   1.000000   0.344786 233278.386074 
0.890000     0.830000   1.000000   0.320003 235661.366135 
0.830000     0.890000   1.000000   0.320003 235661.366135 
0.890000     0.860000   1.000000   0.284445 238276.088349 
0.860000     0.890000   1.000000   0.284445 238276.088349 
0.890000     0.890000   1.000000   0.233110 240778.595836 
0.890000     0.890000   1.000000   0.233110 240778.595836 
0.890000     0.890000   1.000000   0.233110 240778.595836 
0.920000     0.500000   1.000000   0.352029 238952.532236 
0.500000     0.920000   1.000000   0.352029 238952.532236 
0.920000     0.530000   1.000000   0.349695 236787.373304 
0.530000     0.920000   1.000000   0.349695 236787.373304 
0.920000     0.560000   1.000000   0.343408 230732.781079 
0.560000     0.920000   1.000000   0.343408 230732.781079 
0.920000     0.590000   1.000000   0.334659 224820.457413 
0.590000     0.920000   1.000000   0.334659 224820.457413 
0.920000     0.620000   1.000000   0.325134 224577.954089 
0.620000     0.920000   1.000000   0.325134 224577.954089 
0.920000     0.650000   1.000000   0.316350 225081.730845 
0.650000     0.920000   1.000000   0.316350 225081.730845 
0.920000     0.680000   1.000000   0.305769 226518.292589 
0.680000     0.920000   1.000000   0.305769 226518.292589 
0.920000     0.710000   1.000000   0.291695 228741.832500 
0.710000     0.920000   1.000000   0.291695 228741.832500 
0.920000     0.740000   1.000000   0.276167 231401.083126 
0.740000     0.920000   1.000000   0.276167 231401.083126 
0.920000     0.770000   1.000000   0.265549 234015.144106 
0.770000     0.920000   1.000000   0.265549 234015.144106 
0.920000     0.800000   1.000000   0.251462 236241.078138 
0.800000     0.920000   1.000000   0.251462 236241.078138 
0.920000     0.830000   1.000000   0.232840 238130.565831 
0.830000     0.920000   1.000000   0.232840 238130.565831 
0.920000     0.860000   1.000000   0.206165 240148.425989 
0.860000     0.920000   1.000000   0.206165 240148.425989 
0.920000     0.890000   1.000000   0.169442 242152.615845 
0.890000     0.920000   1.000000   0.169442 242152.615845 
0.920000     0.920000   1.000000   0.125468 243037.463308 
0.920000     0.920000   1.000000   0.125468 243037.463308 
0.920000     0.920000   1.000000   0.125468 243037.463308 
0.950000     0.500000   1.000000   0.211410 225109.845736 
0.500000     0.950000   1.000000   0.211410 225109.845736 
0.950000     0.530000   1.000000   0.209819 225108.139105 
0.530000     0.950000   1.000000   0.209819 225108.139105 
0.950000     0.560000   1.000000   0.205415 225281.834440 
0.560000     0.950000   1.000000   0.205415 225281.834440 
0.950000     0.590000   1.000000   0.200146 225602.597874 
0.590000     0.950000   1.000000   0.200146 225602.597874 
0.950000     0.620000   1.000000   0.194796 226166.828487 
0.620000     0.950000   1.000000   0.194796 226166.828487 
0.950000     0.650000   1.000000   0.187572 227257.208673 
0.650000     0.950000   1.000000   0.187572 227257.208673 
0.950000     0.680000   1.000000   0.180742 228973.824791 
0.680000     0.950000   1.000000   0.180742 228973.824791 
0.950000     0.710000   1.000000   0.173968 231235.381140 
0.710000     0.950000   1.000000   0.173968 231235.381140 
0.950000     0.740000   1.000000   0.166300 233652.633755 
0.740000     0.950000   1.000000   0.166300 233652.633755 
0.950000     0.770000   1.000000   0.160977 235830.597688 
0.770000     0.950000   1.000000   0.160977 235830.597688 
0.950000     0.800000   1.000000   0.152635 237546.114237 
0.800000     0.950000   1.000000   0.152635 237546.114237 
0.950000     0.830000   1.000000   0.140984 238914.413273 
0.830000     0.950000   1.000000   0.140984 238914.413273 
0.950000     0.860000   1.000000   0.124920 240324.302737 
0.860000     0.950000   1.000000   0.124920 240324.302737 
0.950000     0.890000   1.000000   0.104083 241604.056217 
0.890000     0.950000   1.000000   0.104083 241604.056217 
0.950000     0.920000   1.000000   0.079645 241996.219936 
0.920000     0.950000   1.000000   0.079645 241996.219936 
0.950000     0.950000   1.000000   0.051902 241000.943431 
0.950000     0.950000   1.000000   0.051902 241000.943431 
0.950000     0.950000   1.000000   0.051902 241000.943431 
0.980000     0.500000   1.000000   0.079386 231169.105797 
0.500000     0.980000   1.000000   0.079386 231169.105797 
0.980000     0.530000   1.000000   0.078776 231156.279495 
0.530000     0.980000   1.000000   0.078776 231156.279495 
0.980000     0.560000   1.000000   0.077358 231238.131389 
0.560000     0.980000   1.000000   0.077358 231238.131389 
0.980000     0.590000   1.000000   0.075229 231400.390507 
0.590000     0.980000   1.000000   0.075229 231400.390507 
0.980000     0.620000   1.000000   0.072610 231694.686243 
0.620000     0.980000   1.000000   0.072610 231694.686243 
0.980000     0.650000   1.000000   0.069627 232246.589100 
0.650000     0.980000   1.000000   0.069627 232246.589100 
0.980000     0.680000   1.000000   0.067062 233157.583109 
0.680000     0.980000   1.000000   0.067062 233157.583109 
0.980000     0.710000   1.000000   0.065758 234328.290314 
0.710000     0.980000   1.000000   0.065758 234328.290314 
0.980000     0.740000   1.000000   0.064356 235530.766762 
0.740000     0.980000   1.000000   0.064356 235530.766762 
0.980000     0.770000   1.000000   0.062475 236604.891131 
0.770000     0.980000   1.000000   0.062475 236604.891131 
0.980000     0.800000   1.000000   0.059965 237463.664811 
0.800000     0.980000   1.000000   0.059965 237463.664811 
0.980000     0.830000   1.000000   0.055882 238199.677613 
0.830000     0.980000   1.000000   0.055882 238199.677613 
0.980000     0.860000   1.000000   0.050036 238865.721388 
0.860000     0.980000   1.000000   0.050036 238865.721388 
0.980000     0.890000   1.000000   0.042278 239331.536353 
0.890000     0.980000   1.000000   0.042278 239331.536353 
0.980000     0.920000   1.000000   0.032576 239390.346953 
0.920000     0.980000   1.000000   0.032576 239390.346953 
0.980000     0.950000   1.000000   0.021186 238923.367758 
0.950000     0.980000   1.000000   0.021186 238923.367758 
0.980000     0.980000   1.000000   0.008649 238052.670739 
0.980000     0.980000   1.000000   0.008649 238052.670739 
0.980000     0.980000   1.000000   0.008649 238052.670739 
