0.500000     0.500000   1.000000   1.004487 117840.770364 
0.530000     0.500000   1.000000   0.998083 121574.075065 
0.500000     0.530000   1.000000   0.998083 121574.075065 
0.530000     0.530000   3.000000   0.992319 123636.592871 
0.530000     0.530000   3.000000   0.992319 123636.592871 
0.530000     0.530000   3.000000   0.992319 123636.592871 
0.560000     0.500000   3.000000   0.981473 135676.161502 
0.500000     0.560000   3.000000   0.981473 135676.161502 
0.560000     0.530000   5.000000   0.975371 140273.227730 
0.530000     0.560000   5.000000   0.975371 140273.227730 
0.560000     0.560000   5.000000   0.966436 143022.399701 
0.560000     0.560000   5.000000   0.966436 143022.399701 
0.560000     0.560000   5.000000   0.966436 143022.399701 
0.590000     0.500000   5.000000   0.963170 138428.447361 
0.500000     0.590000   5.000000   0.963170 138428.447361 
0.590000     0.530000   5.000000   0.959985 145948.707229 
0.530000     0.590000   5.000000   0.959985 145948.707229 
0.590000     0.560000   7.000000   0.947926 184734.011513 
0.560000     0.590000   7.000000   0.947926 184734.011513 
0.590000     0.590000  10.000000   1.027035 1042940.842602 
0.590000     0.590000  10.000000   1.027035 1042940.842602 
0.590000     0.590000  10.000000   1.027035 1042940.842602 
0.620000     0.500000   9.000000   0.940114 278170.777157 
0.500000     0.620000   9.000000   0.940114 278170.777157 
0.620000     0.530000  13.000000   0.961430 328375.574027 
0.530000     0.620000  13.000000   0.961430 328375.574027 
0.620000     0.560000  11.000000   0.992830 911456.619665 
0.560000     0.620000  11.000000   0.992830 911456.619665 
0.620000     0.590000  11.000000   1.101091 970268.899561 
0.590000     0.620000  11.000000   1.101091 970268.899561 
0.620000     0.620000   7.000000   1.797971 1947621.750379 
0.620000     0.620000   7.000000   1.797971 1947621.750379 
0.620000     0.620000   7.000000   1.797971 1947621.750379 
0.650000     0.500000  16.000000   1.009282 1012704.036317 
0.500000     0.650000  16.000000   1.009282 1012704.036317 
0.650000     0.530000   9.000000   0.987841 550389.491697 
0.530000     0.650000   9.000000   0.987841 550389.491697 
0.650000     0.560000   6.000000   1.956921 1610137.997571 
0.560000     0.650000   6.000000   1.956921 1610137.997571 
0.650000     0.590000   6.000000   2.778612 1506121.971276 
0.590000     0.650000   6.000000   2.778612 1506121.971276 
0.650000     0.620000   4.000000   4.752668 8020904.710725 
0.620000     0.650000   4.000000   4.752668 8020904.710725 
0.650000     0.650000   3.000000   2.952348 2320933.497840 
0.650000     0.650000   3.000000   2.952348 2320933.497840 
0.650000     0.650000   3.000000   2.952348 2320933.497840 
0.680000     0.500000   5.000000  10.126627 7793795.322015 
0.500000     0.680000   5.000000  10.126627 7793795.322015 
0.680000     0.530000   4.000000   6.976257 4887520.292174 
0.530000     0.680000   4.000000   6.976257 4887520.292174 
0.680000     0.560000   4.000000   9.013954 12192081.955451 
0.560000     0.680000   4.000000   9.013954 12192081.955451 
0.680000     0.590000   5.000000  13.495510 19936611.260287 
0.590000     0.680000   5.000000  13.495510 19936611.260287 
0.680000     0.620000   3.000000   9.946142 7538083.118173 
0.620000     0.680000   3.000000   9.946142 7538083.118173 
0.680000     0.650000   3.000000 201.547584 146696150.108782 
0.650000     0.680000   3.000000 201.547584 146696150.108782 
0.680000     0.680000   3.000000 206.508822 136658392.590497 
0.680000     0.680000   3.000000 206.508822 136658392.590497 
0.680000     0.680000   3.000000 206.508822 136658392.590497 
0.710000     0.500000   5.000000   8.294604 23414559.224394 
0.500000     0.710000   5.000000   8.294604 23414559.224394 
0.710000     0.530000   5.000000   7.195143 11752932.791222 
0.530000     0.710000   5.000000   7.195143 11752932.791222 
0.710000     0.560000   3.000000  17.589229 11830285.049083 
0.560000     0.710000   3.000000  17.589229 11830285.049083 
0.710000     0.590000   3.000000  18.757715 13117093.213789 
0.590000     0.710000   3.000000  18.757715 13117093.213789 
0.710000     0.620000   3.000000 150.250130 103742509.216325 
0.620000     0.710000   3.000000 150.250130 103742509.216325 
0.710000     0.650000   3.000000 107.262728 69598568.410202 
0.650000     0.710000   3.000000 107.262728 69598568.410202 
0.710000     0.680000   2.000000   2.711256 2191935.549335 
0.680000     0.710000   2.000000   2.711256 2191935.549335 
0.710000     0.710000   4.000000 954.287058 9803020984.355627 
0.710000     0.710000   4.000000 954.287058 9803020984.355627 
0.710000     0.710000   4.000000 954.287058 9803020984.355627 
0.740000     0.500000   3.000000  15.231948 17444786.042500 
0.500000     0.740000   3.000000  15.231948 17444786.042500 
0.740000     0.530000   3.000000  11.416079 10759190.033874 
0.530000     0.740000   3.000000  11.416079 10759190.033874 
0.740000     0.560000   4.000000 118.143678 90328400.573607 
0.560000     0.740000   4.000000 118.143678 90328400.573607 
0.740000     0.590000   3.000000  47.662752 35116154.115312 
0.590000     0.740000   3.000000  47.662752 35116154.115312 
0.740000     0.620000   4.000000   6.226890 4774578.880400 
0.620000     0.740000   4.000000   6.226890 4774578.880400 
0.740000     0.650000   2.000000   1.888963 849913.111723 
0.650000     0.740000   2.000000   1.888963 849913.111723 
0.740000     0.680000   4.000000 664.394447 6399200345.605991 
0.680000     0.740000   4.000000 664.394447 6399200345.605991 
0.740000     0.710000   4.000000 792.628676 153307755329.825653 
0.710000     0.740000   4.000000 792.628676 153307755329.825653 
0.740000     0.740000   3.000000 187.103199 25910188895.757710 
0.740000     0.740000   3.000000 187.103199 25910188895.757710 
0.740000     0.740000   3.000000 187.103199 25910188895.757710 
0.770000     0.500000   3.000000   5.327786 3600085.487851 
0.500000     0.770000   3.000000   5.327786 3600085.487851 
0.770000     0.530000   2.000000   4.565553 3182505.603272 
0.530000     0.770000   2.000000   4.565553 3182505.603272 
0.770000     0.560000   2.000000   2.327515 2001160.458233 
0.560000     0.770000   2.000000   2.327515 2001160.458233 
0.770000     0.590000   2.000000   6.776800 3568675.306007 
0.590000     0.770000   2.000000   6.776800 3568675.306007 
0.770000     0.620000   3.000000  61.254548 182381846.620506 
0.620000     0.770000   3.000000  61.254548 182381846.620506 
0.770000     0.650000   4.000000  57.707803 2129619907.825638 
0.650000     0.770000   4.000000  57.707803 2129619907.825638 
0.770000     0.680000   3.000000 114.594660 76692908432.003296 
0.680000     0.770000   3.000000 114.594660 76692908432.003296 
0.770000     0.710000   3.000000 174.523015 17713844085.159328 
0.710000     0.770000   3.000000 174.523015 17713844085.159328 
0.770000     0.740000   2.000000 193.850534 1478070812.947495 
0.740000     0.770000   2.000000 193.850534 1478070812.947495 
0.770000     0.770000   2.000000 180.503682 145681368.917071 
0.770000     0.770000   2.000000 180.503682 145681368.917071 
0.770000     0.770000   2.000000 180.503682 145681368.917071 
0.800000     0.500000   3.000000  61.263352 3686714051.567294 
0.500000     0.800000   3.000000  61.263352 3686714051.567294 
0.800000     0.530000   4.000000  61.127617 2497031372.279262 
0.530000     0.800000   4.000000  61.127617 2497031372.279262 
0.800000     0.560000   3.000000  61.390129 563584735.855298 
0.560000     0.800000   3.000000  61.390129 563584735.855298 
0.800000     0.590000   3.000000  64.071626 103942230.487737 
0.590000     0.800000   3.000000  64.071626 103942230.487737 
0.800000     0.620000   3.000000  78.217280 43538050.444150 
0.620000     0.800000   3.000000  78.217280 43538050.444150 
0.800000     0.650000   3.000000 106.069710 113280606.206237 
0.650000     0.800000   3.000000 106.069710 113280606.206237 
0.800000     0.680000   3.000000 137.379687 455644895.594158 
0.680000     0.800000   3.000000 137.379687 455644895.594158 
0.800000     0.710000   2.000000 147.896324 133838227.365517 
0.710000     0.800000   2.000000 147.896324 133838227.365517 
0.800000     0.740000   2.000000 125.908215 83986752.837888 
0.740000     0.800000   2.000000 125.908215 83986752.837888 
0.800000     0.770000   3.000000  64.378337 40943588.114836 
0.770000     0.800000   3.000000  64.378337 40943588.114836 
0.800000     0.800000   2.000000  15.688511 12749242.851249 
0.800000     0.800000   2.000000  15.688511 12749242.851249 
0.800000     0.800000   2.000000  15.688511 12749242.851249 
0.830000     0.500000   3.000000  61.189776 33255628.532858 
0.500000     0.830000   3.000000  61.189776 33255628.532858 
0.830000     0.530000   3.000000  61.493793 33499494.986816 
0.530000     0.830000   3.000000  61.493793 33499494.986816 
0.830000     0.560000   2.000000  63.750543 36005455.002243 
0.560000     0.830000   2.000000  63.750543 36005455.002243 
0.830000     0.590000   2.000000  71.307385 45579806.282533 
0.590000     0.830000   2.000000  71.307385 45579806.282533 
0.830000     0.620000   2.000000  83.631336 55395823.487873 
0.620000     0.830000   2.000000  83.631336 55395823.487873 
0.830000     0.650000   2.000000  92.064531 54795132.489651 
0.650000     0.830000   2.000000  92.064531 54795132.489651 
0.830000     0.680000   2.000000  84.880470 39956613.683938 
0.680000     0.830000   2.000000  84.880470 39956613.683938 
0.830000     0.710000   2.000000  59.961455 36321566.153502 
0.710000     0.830000   2.000000  59.961455 36321566.153502 
0.830000     0.740000   2.000000  34.851270 21376846.168037 
0.740000     0.830000   2.000000  34.851270 21376846.168037 
0.830000     0.770000   3.000000  10.417047 10222132.040578 
0.770000     0.830000   3.000000  10.417047 10222132.040578 
0.830000     0.800000   2.000000   4.953482 3051340.847002 
0.800000     0.830000   2.000000   4.953482 3051340.847002 
0.830000     0.830000   1.000000   4.399530 2086893.724748 
0.830000     0.830000   1.000000   4.399530 2086893.724748 
0.830000     0.830000   1.000000   4.399530 2086893.724748 
0.860000     0.500000   2.000000  33.525492 15865120.676039 
0.500000     0.860000   2.000000  33.525492 15865120.676039 
0.860000     0.530000   2.000000  34.040607 16217829.961728 
0.530000     0.860000   2.000000  34.040607 16217829.961728 
0.860000     0.560000   2.000000  35.985745 18163067.307304 
0.560000     0.860000   2.000000  35.985745 18163067.307304 
0.860000     0.590000   2.000000  39.223259 21440919.390457 
0.590000     0.860000   2.000000  39.223259 21440919.390457 
0.860000     0.620000   2.000000  38.232011 22874506.565448 
0.620000     0.860000   2.000000  38.232011 22874506.565448 
0.860000     0.650000   2.000000  31.632910 21317149.928009 
0.650000     0.860000   2.000000  31.632910 21317149.928009 
0.860000     0.680000   2.000000  21.460857 14958947.295540 
0.680000     0.860000   2.000000  21.460857 14958947.295540 
0.860000     0.710000   2.000000   8.583954 6783048.965529 
0.710000     0.860000   2.000000   8.583954 6783048.965529 
0.860000     0.740000   2.000000   4.384120 3486667.954724 
0.740000     0.860000   2.000000   4.384120 3486667.954724 
0.860000     0.770000   2.000000   4.377436 1930647.673408 
0.770000     0.860000   2.000000   4.377436 1930647.673408 
0.860000     0.800000   1.000000   4.106127 2000462.387015 
0.800000     0.860000   1.000000   4.106127 2000462.387015 
0.860000     0.830000   1.000000   3.631189 2065146.902898 
0.830000     0.860000   1.000000   3.631189 2065146.902898 
0.860000     0.860000   1.000000   3.022649 2065704.096046 
0.860000     0.860000   1.000000   3.022649 2065704.096046 
0.860000     0.860000   1.000000   3.022649 2065704.096046 
0.890000     0.500000   2.000000   7.215024 5259482.479897 
0.500000     0.890000   2.000000   7.215024 5259482.479897 
0.890000     0.530000   2.000000   6.361764 4786558.371925 
0.530000     0.890000   2.000000   6.361764 4786558.371925 
0.890000     0.560000   2.000000   4.332796 3640601.288032 
0.560000     0.890000   2.000000   4.332796 3640601.288032 
0.890000     0.590000   2.000000   3.038095 2287843.728042 
0.590000     0.890000   2.000000   3.038095 2287843.728042 
0.890000     0.620000   2.000000   3.103636 1478926.570888 
0.620000     0.890000   2.000000   3.103636 1478926.570888 
0.890000     0.650000   2.000000   3.206371 1516707.770282 
0.650000     0.890000   2.000000   3.206371 1516707.770282 
0.890000     0.680000   1.000000   3.305621 1602080.951810 
0.680000     0.890000   1.000000   3.305621 1602080.951810 
0.890000     0.710000   1.000000   3.346420 1663417.017572 
0.710000     0.890000   1.000000   3.346420 1663417.017572 
0.890000     0.740000   1.000000   3.389791 1687364.143505 
0.740000     0.890000   1.000000   3.389791 1687364.143505 
0.890000     0.770000   1.000000   3.307761 1768830.421962 
0.770000     0.890000   1.000000   3.307761 1768830.421962 
0.890000     0.800000   1.000000   3.064745 1868800.643120 
0.800000     0.890000   1.000000   3.064745 1868800.643120 
0.890000     0.830000   1.000000   2.708503 1942284.311233 
0.830000     0.890000   1.000000   2.708503 1942284.311233 
0.890000     0.860000   1.000000   2.324051 1942672.666680 
0.860000     0.890000   1.000000   2.324051 1942672.666680 
0.890000     0.890000   1.000000   1.809567 1821681.952100 
0.890000     0.890000   1.000000   1.809567 1821681.952100 
0.890000     0.890000   1.000000   1.809567 1821681.952100 
0.920000     0.500000   1.000000   2.195004 1394353.774740 
0.500000     0.920000   1.000000   2.195004 1394353.774740 
0.920000     0.530000   1.000000   2.197926 1388678.474857 
0.530000     0.920000   1.000000   2.197926 1388678.474857 
0.920000     0.560000   1.000000   2.201351 1371111.285498 
0.560000     0.920000   1.000000   2.201351 1371111.285498 
0.920000     0.590000   1.000000   2.211517 1352273.055907 
0.590000     0.920000   1.000000   2.211517 1352273.055907 
0.920000     0.620000   1.000000   2.237773 1339325.884843 
0.620000     0.920000   1.000000   2.237773 1339325.884843 
0.920000     0.650000   1.000000   2.276160 1331277.332088 
0.650000     0.920000   1.000000   2.276160 1331277.332088 
0.920000     0.680000   1.000000   2.299287 1357524.350804 
0.680000     0.920000   1.000000   2.299287 1357524.350804 
0.920000     0.710000   1.000000   2.276640 1380879.808543 
0.710000     0.920000   1.000000   2.276640 1380879.808543 
0.920000     0.740000   1.000000   2.236144 1461430.353860 
0.740000     0.920000   1.000000   2.236144 1461430.353860 
0.920000     0.770000   1.000000   2.150265 1556463.560206 
0.770000     0.920000   1.000000   2.150265 1556463.560206 
0.920000     0.800000   1.000000   1.977469 1638982.054176 
0.800000     0.920000   1.000000   1.977469 1638982.054176 
0.920000     0.830000   1.000000   1.761981 1686574.432589 
0.830000     0.920000   1.000000   1.761981 1686574.432589 
0.920000     0.860000   1.000000   1.529293 1671856.293556 
0.860000     0.920000   1.000000   1.529293 1671856.293556 
0.920000     0.890000   1.000000   1.196636 1565199.115196 
0.890000     0.920000   1.000000   1.196636 1565199.115196 
0.920000     0.920000   1.000000   0.810165 1358759.977536 
0.920000     0.920000   1.000000   0.810165 1358759.977536 
0.920000     0.920000   1.000000   0.810165 1358759.977536 
0.950000     0.500000   1.000000   1.231351 1180533.703406 
0.500000     0.950000   1.000000   1.231351 1180533.703406 
0.950000     0.530000   1.000000   1.230362 1177342.097680 
0.530000     0.950000   1.000000   1.230362 1177342.097680 
0.950000     0.560000   1.000000   1.228866 1171611.652253 
0.560000     0.950000   1.000000   1.228866 1171611.652253 
0.950000     0.590000   1.000000   1.227702 1165938.453579 
0.590000     0.950000   1.000000   1.227702 1165938.453579 
0.950000     0.620000   1.000000   1.231340 1160283.350810 
0.620000     0.950000   1.000000   1.231340 1160283.350810 
0.950000     0.650000   1.000000   1.237135 1154243.692640 
0.650000     0.950000   1.000000   1.237135 1154243.692640 
0.950000     0.680000   1.000000   1.236011 1150962.218200 
0.680000     0.950000   1.000000   1.236011 1150962.218200 
0.950000     0.710000   1.000000   1.216810 1166393.169876 
0.710000     0.950000   1.000000   1.216810 1166393.169876 
0.950000     0.740000   1.000000   1.180060 1211987.700837 
0.740000     0.950000   1.000000   1.180060 1211987.700837 
0.950000     0.770000   1.000000   1.125618 1263637.056298 
0.770000     0.950000   1.000000   1.125618 1263637.056298 
0.950000     0.800000   1.000000   1.041700 1302512.470875 
0.800000     0.950000   1.000000   1.041700 1302512.470875 
0.950000     0.830000   1.000000   0.939401 1315162.859001 
0.830000     0.950000   1.000000   0.939401 1315162.859001 
0.950000     0.860000   1.000000   0.804558 1289352.927885 
0.860000     0.950000   1.000000   0.804558 1289352.927885 
0.950000     0.890000   1.000000   0.633292 1212285.346085 
0.890000     0.950000   1.000000   0.633292 1212285.346085 
0.950000     0.920000   1.000000   0.438454 1081801.966065 
0.920000     0.950000   1.000000   0.438454 1081801.966065 
0.950000     0.950000   1.000000   0.247984 916027.322240 
0.950000     0.950000   1.000000   0.247984 916027.322240 
0.950000     0.950000   1.000000   0.247984 916027.322240 
0.980000     0.500000   1.000000   0.406773 929419.651594 
0.500000     0.980000   1.000000   0.406773 929419.651594 
0.980000     0.530000   1.000000   0.406607 928605.549551 
0.530000     0.980000   1.000000   0.406607 928605.549551 
0.980000     0.560000   1.000000   0.406266 926821.253544 
0.560000     0.980000   1.000000   0.406266 926821.253544 
0.980000     0.590000   1.000000   0.405745 924009.533010 
0.590000     0.980000   1.000000   0.405745 924009.533010 
0.980000     0.620000   1.000000   0.405288 920200.490788 
0.620000     0.980000   1.000000   0.405288 920200.490788 
0.980000     0.650000   1.000000   0.404298 915419.941374 
0.650000     0.980000   1.000000   0.404298 915419.941374 
0.980000     0.680000   1.000000   0.401283 910302.852672 
0.680000     0.980000   1.000000   0.401283 910302.852672 
0.980000     0.710000   1.000000   0.393779 907215.251994 
0.710000     0.980000   1.000000   0.393779 907215.251994 
0.980000     0.740000   1.000000   0.380523 908959.363560 
0.740000     0.980000   1.000000   0.380523 908959.363560 
0.980000     0.770000   1.000000   0.361455 912846.205011 
0.770000     0.980000   1.000000   0.361455 912846.205011 
0.980000     0.800000   1.000000   0.332778 913440.327629 
0.800000     0.980000   1.000000   0.332778 913440.327629 
0.980000     0.830000   1.000000   0.296042 906317.309806 
0.830000     0.980000   1.000000   0.296042 906317.309806 
0.980000     0.860000   1.000000   0.251831 887841.067276 
0.860000     0.980000   1.000000   0.251831 887841.067276 
0.980000     0.890000   1.000000   0.200697 856320.034974 
0.890000     0.980000   1.000000   0.200697 856320.034974 
0.980000     0.920000   1.000000   0.145563 813957.995953 
0.920000     0.980000   1.000000   0.145563 813957.995953 
0.980000     0.950000   1.000000   0.090143 772378.229047 
0.950000     0.980000   1.000000   0.090143 772378.229047 
0.980000     0.980000   1.000000   0.035230 748575.625086 
0.980000     0.980000   1.000000   0.035230 748575.625086 
0.980000     0.980000   1.000000   0.035230 748575.625086 
