1.000000 0.050000 3.000000 0.120123 30003.102690 
1.000000 0.100000 4.000000 0.199337 34105.801202 
1.000000 0.150000 2.000000 0.260218 38122.911666 
1.000000 0.200000 2.000000 0.308198 51842.489358 
1.000000 0.250000 3.000000 0.345983 55889.278313 
1.000000 0.300000 3.000000 0.376664 57313.999538 
1.000000 0.350000 3.000000 0.401771 63910.063771 
1.000000 0.400000 2.000000 0.422739 67693.163317 
1.000000 0.450000 3.000000 0.440792 70006.621474 
1.000000 0.500000 6.000000 0.459153 72954.218326 
1.000000 0.550000 4.000000 0.480592 77508.605567 
1.000000 0.600000 4.000000 0.508769 82068.206810 
1.000000 0.650000 3.000000 0.534056 86755.875226 
1.000000 0.700000 4.000000 0.556990 90761.565662 
1.000000 0.750000 4.000000 0.577991 94056.484694 
1.000000 0.800000 4.000000 0.598207 96795.052458 
1.000000 0.850000 4.000000 0.617307 99090.833015 
1.000000 0.900000 4.000000 0.635057 100851.631536 
1.000000 0.950000 5.000000 0.653019 102206.615125 
1.000000 1.000000 4.000000 0.676045 103150.301896 
1.000000 1.050000 4.000000 0.698241 103688.577600 
1.000000 1.100000 3.000000 0.719265 103922.487791 
1.000000 1.150000 2.000000 0.738957 103971.176742 
1.000000 1.200000 2.000000 0.757319 103898.504349 
1.000000 1.250000 2.000000 0.774471 103752.817321 
1.000000 1.300000 2.000000 0.790542 103547.757933 
1.000000 1.350000 2.000000 0.805632 103300.117630 
1.000000 1.400000 2.000000 0.819829 103752.890053 
1.000000 1.450000 2.000000 0.834737 105258.330789 
1.000000 1.500000 2.000000 0.851468 106653.282016 
1.000000 1.550000 2.000000 0.869612 108251.358595 
1.000000 1.600000 2.000000 0.887221 109719.750272 
1.000000 1.650000 2.000000 0.904071 111050.410516 
1.000000 1.700000 2.000000 0.920218 112251.916505 
1.000000 1.750000 2.000000 0.935701 113338.079718 
1.000000 1.800000 2.000000 0.950563 114331.637395 
1.000000 1.850000 1.000000 0.964841 115252.040389 
1.000000 1.900000 1.000000 0.978566 116127.071917 
1.000000 1.950000 1.000000 0.991773 116995.354918 
1.000000 2.000000 1.000000 1.004487 117840.770364 
1.000000 2.050000 1.000000 1.016737 118633.914053 
1.000000 2.100000 1.000000 1.029006 119379.898626 
1.000000 2.150000 1.000000 1.041709 120072.910240 
1.000000 2.200000 1.000000 1.053957 120719.966271 
1.000000 2.250000 1.000000 1.066573 121330.736273 
1.000000 2.300000 1.000000 1.080868 121902.518021 
1.000000 2.350000 1.000000 1.094724 122439.499339 
1.000000 2.400000 1.000000 1.108159 122952.752796 
1.000000 2.450000 1.000000 1.121191 123453.913358 
1.000000 2.500000 1.000000 1.133842 123974.699675 
1.050000 0.050000 4.000000 0.113385 30920.737580 
1.050000 0.100000 3.000000 0.194351 35029.257023 
1.050000 0.150000 2.000000 0.255886 37020.465461 
1.050000 0.200000 3.000000 0.304142 47612.928314 
1.050000 0.250000 2.000000 0.342053 44044.783467 
1.050000 0.300000 3.000000 0.372858 54387.885997 
1.050000 0.350000 3.000000 0.398978 60283.770076 
1.050000 0.400000 3.000000 0.421211 62848.804961 
1.050000 0.450000 3.000000 0.440558 67735.079148 
1.050000 0.500000 5.000000 0.457390 73588.976189 
1.050000 0.550000 5.000000 0.476049 77265.711104 
1.050000 0.600000 4.000000 0.504726 79953.643666 
1.050000 0.650000 3.000000 0.530402 81856.260662 
1.050000 0.700000 4.000000 0.553520 83086.511308 
1.050000 0.750000 4.000000 0.574470 83830.237144 
1.050000 0.800000 5.000000 0.593563 85908.229478 
1.050000 0.850000 4.000000 0.612339 89217.458184 
1.050000 0.900000 4.000000 0.631215 91947.437504 
1.050000 0.950000 4.000000 0.651167 94168.711803 
1.050000 1.000000 4.000000 0.674959 95967.234776 
1.050000 1.050000 2.000000 0.697032 97406.006973 
1.050000 1.100000 2.000000 0.717551 98490.637208 
1.050000 1.150000 2.000000 0.736680 99249.860903 
1.050000 1.200000 2.000000 0.754576 99694.852044 
1.050000 1.250000 2.000000 0.771385 99914.502058 
1.050000 1.300000 2.000000 0.787242 102252.274224 
1.050000 1.350000 2.000000 0.802249 104425.868177 
1.050000 1.400000 2.000000 0.816494 106341.986729 
1.050000 1.450000 2.000000 0.831242 108042.779187 
1.050000 1.500000 2.000000 0.849114 109570.737535 
1.050000 1.550000 2.000000 0.866836 110950.616483 
1.050000 1.600000 2.000000 0.884134 112220.078632 
1.050000 1.650000 2.000000 0.900692 113407.662484 
1.050000 1.700000 1.000000 0.916542 114510.767324 
1.050000 1.750000 1.000000 0.931722 115521.905437 
1.050000 1.800000 1.000000 0.946264 116442.845931 
1.050000 1.850000 1.000000 0.960206 117285.403183 
1.050000 1.900000 1.000000 0.973582 118053.996112 
1.050000 1.950000 1.000000 0.986425 118759.362621 
1.050000 2.000000 1.000000 0.998775 119407.362519 
1.050000 2.050000 1.000000 1.012180 120002.334143 
1.050000 2.100000 1.000000 1.025100 120554.640020 
1.050000 2.150000 1.000000 1.037558 121067.194471 
1.050000 2.200000 1.000000 1.049581 121544.210846 
1.050000 2.250000 1.000000 1.062822 121990.040045 
1.050000 2.300000 1.000000 1.076834 122408.116732 
1.050000 2.350000 1.000000 1.090576 122801.178744 
1.050000 2.400000 1.000000 1.103923 123171.145252 
1.050000 2.450000 1.000000 1.116887 123519.574941 
1.050000 2.500000 1.000000 1.129484 123847.449137 
1.100000 0.050000 4.000000 0.099924 33498.100729 
1.100000 0.100000 3.000000 0.181648 37734.217768 
1.100000 0.150000 3.000000 0.243517 39703.156733 
1.100000 0.200000 2.000000 0.294281 40873.400894 
1.100000 0.250000 2.000000 0.335375 42452.265903 
1.100000 0.300000 2.000000 0.368414 47261.152623 
1.100000 0.350000 3.000000 0.395477 50074.501876 
1.100000 0.400000 3.000000 0.418045 53653.727965 
1.100000 0.450000 3.000000 0.437171 57258.590195 
1.100000 0.500000 3.000000 0.453617 60558.876746 
1.100000 0.550000 4.000000 0.467943 77919.285938 
1.100000 0.600000 4.000000 0.495059 80814.946757 
1.100000 0.650000 5.000000 0.519980 81563.330024 
1.100000 0.700000 4.000000 0.543543 82286.008478 
1.100000 0.750000 4.000000 0.565345 83068.187886 
1.100000 0.800000 4.000000 0.587188 84710.211501 
1.100000 0.850000 4.000000 0.607677 86303.329310 
1.100000 0.900000 4.000000 0.626883 90058.067295 
1.100000 0.950000 4.000000 0.644722 93982.279352 
1.100000 1.000000 3.000000 0.667205 96836.937424 
1.100000 1.050000 3.000000 0.688589 99278.898704 
1.100000 1.100000 2.000000 0.708918 101853.176880 
1.100000 1.150000 2.000000 0.728175 104384.140927 
1.100000 1.200000 2.000000 0.746540 106707.246108 
1.100000 1.250000 2.000000 0.764043 108768.471376 
1.100000 1.300000 2.000000 0.780605 110568.001295 
1.100000 1.350000 2.000000 0.796268 112143.554929 
1.100000 1.400000 2.000000 0.811119 113529.429430 
1.100000 1.450000 2.000000 0.826807 114754.995091 
1.100000 1.500000 2.000000 0.844511 115848.407251 
1.100000 1.550000 2.000000 0.861710 116812.037495 
1.100000 1.600000 3.000000 0.878142 117660.387830 
1.100000 1.650000 1.000000 0.893870 118407.652198 
1.100000 1.700000 1.000000 0.908952 119074.614563 
1.100000 1.750000 1.000000 0.923443 119674.626265 
1.100000 1.800000 1.000000 0.937456 120213.723665 
1.100000 1.850000 1.000000 0.950990 120706.713813 
1.100000 1.900000 1.000000 0.965589 121158.372502 
1.100000 1.950000 1.000000 0.979882 121576.485587 
1.100000 2.000000 1.000000 0.993641 121964.101135 
1.100000 2.050000 1.000000 1.006897 122329.530192 
1.100000 2.100000 1.000000 1.019681 122669.021765 
1.100000 2.150000 1.000000 1.032023 122993.361138 
1.100000 2.200000 1.000000 1.043952 123296.859634 
1.100000 2.250000 1.000000 1.055496 123584.780342 
1.100000 2.300000 1.000000 1.067978 123859.847521 
1.100000 2.350000 1.000000 1.081411 124120.020002 
1.100000 2.400000 1.000000 1.094421 124370.526003 
1.100000 2.450000 1.000000 1.107027 124610.831113 
1.100000 2.500000 1.000000 1.119248 124840.532435 
1.150000 0.050000 4.000000 0.089266 37649.416513 
1.150000 0.100000 3.000000 0.168404 42406.187843 
1.150000 0.150000 3.000000 0.233124 44537.760162 
1.150000 0.200000 3.000000 0.284035 45767.940962 
1.150000 0.250000 3.000000 0.324555 46571.526804 
1.150000 0.300000 3.000000 0.357434 52862.336492 
1.150000 0.350000 2.000000 0.384605 65106.963452 
1.150000 0.400000 2.000000 0.407423 72138.277740 
1.150000 0.450000 3.000000 0.426852 75392.630161 
1.150000 0.500000 3.000000 0.443594 76620.508553 
1.150000 0.550000 4.000000 0.460050 77245.882037 
1.150000 0.600000 3.000000 0.487784 81678.648852 
1.150000 0.650000 5.000000 0.512905 82193.310701 
1.150000 0.700000 4.000000 0.536173 81609.651196 
1.150000 0.750000 4.000000 0.557441 82743.128874 
1.150000 0.800000 4.000000 0.579227 85529.928734 
1.150000 0.850000 4.000000 0.599358 88653.634689 
1.150000 0.900000 3.000000 0.617974 91410.503055 
1.150000 0.950000 3.000000 0.639381 94191.941348 
1.150000 1.000000 3.000000 0.660320 97369.242941 
1.150000 1.050000 3.000000 0.682081 100906.384386 
1.150000 1.100000 3.000000 0.702549 104336.008673 
1.150000 1.150000 3.000000 0.721908 107385.075573 
1.150000 1.200000 2.000000 0.740374 109980.444484 
1.150000 1.250000 3.000000 0.758168 112222.553259 
1.150000 1.300000 2.000000 0.775319 114237.869872 
1.150000 1.350000 2.000000 0.791656 116102.932592 
1.150000 1.400000 2.000000 0.807126 117902.150624 
1.150000 1.450000 2.000000 0.821755 119667.986314 
1.150000 1.500000 2.000000 0.835867 121385.084427 
1.150000 1.550000 2.000000 0.852563 123025.834297 
1.150000 1.600000 2.000000 0.868533 124576.197779 
1.150000 1.650000 2.000000 0.883819 126030.580205 
1.150000 1.700000 2.000000 0.898469 127372.173076 
1.150000 1.750000 2.000000 0.912523 128622.378785 
1.150000 1.800000 2.000000 0.926082 129764.775284 
1.150000 1.850000 2.000000 0.941034 130829.952023 
1.150000 1.900000 2.000000 0.955508 131799.421448 
1.150000 1.950000 1.000000 0.969807 132701.885073 
1.150000 2.000000 1.000000 0.983583 133525.927097 
1.150000 2.050000 1.000000 0.996858 134295.306249 
1.150000 2.100000 1.000000 1.009657 134999.521682 
1.150000 2.150000 1.000000 1.022005 135664.233832 
1.150000 2.200000 1.000000 1.033926 136271.994182 
1.150000 2.250000 1.000000 1.045441 136850.356983 
1.150000 2.300000 1.000000 1.056572 137385.095265 
1.150000 2.350000 1.000000 1.068880 137886.483852 
1.150000 2.400000 1.000000 1.081572 138362.924986 
1.150000 2.450000 1.000000 1.093881 138804.280057 
1.150000 2.500000 1.000000 1.105821 139224.535458 
1.200000 0.050000 3.000000 0.081994 43224.441990 
1.200000 0.100000 4.000000 0.153730 49158.001187 
1.200000 0.150000 5.000000 0.214628 51782.425483 
1.200000 0.200000 4.000000 0.264602 56069.301117 
1.200000 0.250000 4.000000 0.304940 72505.145149 
1.200000 0.300000 3.000000 0.338056 81748.424599 
1.200000 0.350000 3.000000 0.365663 84444.436971 
1.200000 0.400000 4.000000 0.389603 83674.879597 
1.200000 0.450000 3.000000 0.413119 81668.966972 
1.200000 0.500000 4.000000 0.433553 94309.251785 
1.200000 0.550000 4.000000 0.451453 95868.787437 
1.200000 0.600000 5.000000 0.479674 95692.413682 
1.200000 0.650000 4.000000 0.505943 97536.798487 
1.200000 0.700000 2.000000 0.530278 96190.666999 
1.200000 0.750000 2.000000 0.552950 92956.861594 
1.200000 0.800000 2.000000 0.574101 92330.629487 
1.200000 0.850000 2.000000 0.593873 94236.262656 
1.200000 0.900000 2.000000 0.612247 95656.525628 
1.200000 0.950000 2.000000 0.630633 96598.285392 
1.200000 1.000000 2.000000 0.650066 99709.867154 
1.200000 1.050000 2.000000 0.668824 102960.213321 
1.200000 1.100000 2.000000 0.686697 105752.592208 
1.200000 1.150000 2.000000 0.704692 108158.312582 
1.200000 1.200000 2.000000 0.724460 110296.138409 
1.200000 1.250000 2.000000 0.743082 112285.117768 
1.200000 1.300000 3.000000 0.760613 114243.868193 
1.200000 1.350000 3.000000 0.777129 116258.048990 
1.200000 1.400000 3.000000 0.792712 118603.454205 
1.200000 1.450000 2.000000 0.807447 121192.952470 
1.200000 1.500000 2.000000 0.824705 123793.079338 
1.200000 1.550000 2.000000 0.841694 126305.721048 
1.200000 1.600000 1.000000 0.857887 128671.092679 
1.200000 1.650000 1.000000 0.873330 130886.014481 
1.200000 1.700000 1.000000 0.888075 132947.504971 
1.200000 1.750000 1.000000 0.902164 134876.225597 
1.200000 1.800000 1.000000 0.915641 136675.293256 
1.200000 1.850000 1.000000 0.928785 138350.525952 
1.200000 1.900000 1.000000 0.943311 139919.147447 
1.200000 1.950000 1.000000 0.957258 141382.678283 
1.200000 2.000000 1.000000 0.970661 142750.010982 
1.200000 2.050000 1.000000 0.983553 144039.172637 
1.200000 2.100000 1.000000 0.995963 145248.440557 
1.200000 2.150000 1.000000 1.007923 146389.577449 
1.200000 2.200000 1.000000 1.019459 147469.345362 
1.200000 2.250000 1.000000 1.030597 148491.579726 
1.200000 2.300000 1.000000 1.042705 149464.286956 
1.200000 2.350000 1.000000 1.055717 150392.269404 
1.200000 2.400000 1.000000 1.068323 151276.833681 
1.200000 2.450000 1.000000 1.080544 152125.193052 
1.200000 2.500000 1.000000 1.092392 152943.469110 
1.250000 0.050000 3.000000 0.076218 49762.631843 
1.250000 0.100000 2.000000 0.143188 57622.208952 
1.250000 0.150000 3.000000 0.199612 61485.684099 
1.250000 0.200000 4.000000 0.251174 74080.642856 
1.250000 0.250000 4.000000 0.293235 81927.671352 
1.250000 0.300000 3.000000 0.328587 82903.438942 
1.250000 0.350000 4.000000 0.358513 79577.563989 
1.250000 0.400000 4.000000 0.384081 75425.991841 
1.250000 0.450000 3.000000 0.406144 99692.409939 
1.250000 0.500000 5.000000 0.425627 90013.938539 
1.250000 0.550000 5.000000 0.443879 90739.231631 
1.250000 0.600000 5.000000 0.470750 92954.858366 
1.250000 0.650000 5.000000 0.495023 92835.493025 
1.250000 0.700000 3.000000 0.518854 93658.333026 
1.250000 0.750000 2.000000 0.541368 95121.239798 
1.250000 0.800000 2.000000 0.562604 96189.371395 
1.250000 0.850000 2.000000 0.582497 97462.476282 
1.250000 0.900000 3.000000 0.600753 99327.799276 
1.250000 0.950000 2.000000 0.617416 101803.458523 
1.250000 1.000000 2.000000 0.638568 104468.655653 
1.250000 1.050000 2.000000 0.658362 107037.102212 
1.250000 1.100000 2.000000 0.676585 109307.323083 
1.250000 1.150000 2.000000 0.693334 112268.945902 
1.250000 1.200000 2.000000 0.708725 114701.956252 
1.250000 1.250000 3.000000 0.726911 116595.583204 
1.250000 1.300000 2.000000 0.745024 118129.061199 
1.250000 1.350000 2.000000 0.762197 119436.672812 
1.250000 1.400000 2.000000 0.778509 120630.757371 
1.250000 1.450000 2.000000 0.794859 121817.295515 
1.250000 1.500000 2.000000 0.811871 123051.754985 
1.250000 1.550000 1.000000 0.828113 124368.361557 
1.250000 1.600000 1.000000 0.843641 125799.218802 
1.250000 1.650000 1.000000 0.858510 127369.555804 
1.250000 1.700000 1.000000 0.872759 129019.499252 
1.250000 1.750000 1.000000 0.886420 130699.858057 
1.250000 1.800000 1.000000 0.899518 132381.390670 
1.250000 1.850000 1.000000 0.913543 134031.693750 
1.250000 1.900000 1.000000 0.927612 135616.720162 
1.250000 1.950000 1.000000 0.941117 137126.937658 
1.250000 2.000000 1.000000 0.954095 138561.076425 
1.250000 2.050000 1.000000 0.966582 139919.950782 
1.250000 2.100000 1.000000 0.978610 141193.562625 
1.250000 2.150000 1.000000 0.990213 142375.856747 
1.250000 2.200000 1.000000 1.001422 143472.359485 
1.250000 2.250000 1.000000 1.012262 144488.126965 
1.250000 2.300000 1.000000 1.023703 145429.596341 
1.250000 2.350000 1.000000 1.034863 146309.552128 
1.250000 2.400000 1.000000 1.046321 147150.429036 
1.250000 2.450000 1.000000 1.059404 147967.598444 
1.250000 2.500000 1.000000 1.072113 148769.851907 
1.300000 0.050000 3.000000 0.078070 56701.221925 
1.300000 0.100000 2.000000 0.147216 67260.300274 
1.300000 0.150000 3.000000 0.197883 72163.374364 
1.300000 0.200000 3.000000 0.248003 75025.715002 
1.300000 0.250000 3.000000 0.289810 78270.867843 
1.300000 0.300000 7.000000 0.323662 90719.109829 
1.300000 0.350000 6.000000 0.352011 102106.772255 
1.300000 0.400000 5.000000 0.376294 110180.497391 
1.300000 0.450000 5.000000 0.397412 113501.357415 
1.300000 0.500000 5.000000 0.415913 112107.039287 
1.300000 0.550000 5.000000 0.439422 106809.660886 
1.300000 0.600000 4.000000 0.463104 99161.883405 
1.300000 0.650000 3.000000 0.489660 107208.823481 
1.300000 0.700000 2.000000 0.514228 111115.853444 
1.300000 0.750000 2.000000 0.537074 113161.288232 
1.300000 0.800000 2.000000 0.558078 114914.805978 
1.300000 0.850000 2.000000 0.577216 116652.627795 
1.300000 0.900000 2.000000 0.594555 117871.299632 
1.300000 0.950000 3.000000 0.611029 118302.206281 
1.300000 1.000000 2.000000 0.629139 119832.293811 
1.300000 1.050000 4.000000 0.646921 122255.321032 
1.300000 1.100000 3.000000 0.665227 124633.353316 
1.300000 1.150000 2.000000 0.682498 126635.053044 
1.300000 1.200000 2.000000 0.698720 128131.768234 
1.300000 1.250000 2.000000 0.714902 129818.763840 
1.300000 1.300000 2.000000 0.733597 131337.034567 
1.300000 1.350000 2.000000 0.751220 132651.677137 
1.300000 1.400000 2.000000 0.767874 133848.411838 
1.300000 1.450000 2.000000 0.783645 134959.991804 
1.300000 1.500000 1.000000 0.798608 137264.808450 
1.300000 1.550000 1.000000 0.812833 140162.726477 
1.300000 1.600000 1.000000 0.827992 142919.677172 
1.300000 1.650000 1.000000 0.843684 145570.514836 
1.300000 1.700000 1.000000 0.858723 148111.364210 
1.300000 1.750000 1.000000 0.873145 150544.089066 
1.300000 1.800000 1.000000 0.886984 152903.141644 
1.300000 1.850000 1.000000 0.900273 155157.557337 
1.300000 1.900000 1.000000 0.913045 157351.876238 
1.300000 1.950000 1.000000 0.925325 159448.434459 
1.300000 2.000000 1.000000 0.938077 161493.146191 
1.300000 2.050000 1.000000 0.950844 163451.118695 
1.300000 2.100000 1.000000 0.963168 165352.302764 
1.300000 2.150000 1.000000 0.975068 167185.484786 
1.300000 2.200000 1.000000 0.986569 168950.281173 
1.300000 2.250000 1.000000 0.997686 170670.438221 
1.300000 2.300000 1.000000 1.008436 172319.910701 
1.300000 2.350000 1.000000 1.018837 173923.568423 
1.300000 2.400000 1.000000 1.029724 175476.478709 
1.300000 2.450000 1.000000 1.042590 176967.154715 
1.300000 2.500000 1.000000 1.055078 178425.538185 
1.350000 0.050000 1.000000 0.086784 63487.366044 
1.350000 0.100000 3.000000 0.144731 77524.634649 
1.350000 0.150000 3.000000 0.194361 84323.233441 
1.350000 0.200000 4.000000 0.240352 88934.035339 
1.350000 0.250000 4.000000 0.283781 94744.375367 
1.350000 0.300000 4.000000 0.318073 106332.977413 
1.350000 0.350000 7.000000 0.346028 116466.782445 
1.350000 0.400000 5.000000 0.369562 124955.620806 
1.350000 0.450000 5.000000 0.391017 131628.184913 
1.350000 0.500000 5.000000 0.412940 135245.562980 
1.350000 0.550000 5.000000 0.437507 134903.312275 
1.350000 0.600000 4.000000 0.458854 129323.351926 
1.350000 0.650000 3.000000 0.482531 119394.510494 
1.350000 0.700000 4.000000 0.507229 115585.031240 
1.350000 0.750000 4.000000 0.529686 118862.759261 
1.350000 0.800000 4.000000 0.550298 121830.501789 
1.350000 0.850000 4.000000 0.569427 124294.377438 
1.350000 0.900000 4.000000 0.587221 126473.887433 
1.350000 0.950000 4.000000 0.603779 128884.243190 
1.350000 1.000000 4.000000 0.619179 131715.303626 
1.350000 1.050000 4.000000 0.635288 133258.323464 
1.350000 1.100000 4.000000 0.653628 133935.465471 
1.350000 1.150000 4.000000 0.670935 135537.859364 
1.350000 1.200000 4.000000 0.687275 137039.766715 
1.350000 1.250000 4.000000 0.702718 138451.401211 
1.350000 1.300000 4.000000 0.719217 139758.080633 
1.350000 1.350000 3.000000 0.735983 140996.356018 
1.350000 1.400000 2.000000 0.751892 142139.659496 
1.350000 1.450000 2.000000 0.767007 143215.911618 
1.350000 1.500000 2.000000 0.781384 144214.300950 
1.350000 1.550000 2.000000 0.797321 145149.641743 
1.350000 1.600000 2.000000 0.813907 146019.862534 
1.350000 1.650000 2.000000 0.829781 146836.538410 
1.350000 1.700000 2.000000 0.844986 147591.504748 
1.350000 1.750000 2.000000 0.859563 148308.880809 
1.350000 1.800000 2.000000 0.873546 148965.212428 
1.350000 1.850000 2.000000 0.886971 149592.214699 
1.350000 1.900000 2.000000 0.899869 150174.313895 
1.350000 1.950000 2.000000 0.912267 150708.041134 
1.350000 2.000000 2.000000 0.924197 151226.842201 
1.350000 2.050000 2.000000 0.935682 152796.683699 
1.350000 2.100000 2.000000 0.946745 155312.208529 
1.350000 2.150000 2.000000 0.957410 157761.764535 
1.350000 2.200000 2.000000 0.967698 160126.443413 
1.350000 2.250000 2.000000 0.977628 162426.630363 
1.350000 2.300000 2.000000 0.987217 164648.963371 
1.350000 2.350000 2.000000 0.998271 166810.812490 
1.350000 2.400000 2.000000 1.011307 168898.708806 
1.350000 2.450000 2.000000 1.023940 170934.014309 
1.350000 2.500000 2.000000 1.036185 172894.889887 
1.400000 0.050000 1.000000 0.096265 69721.206347 
1.400000 0.100000 2.000000 0.137769 109988.777086 
1.400000 0.150000 4.000000 0.193033 145115.441512 
1.400000 0.200000 4.000000 0.233130 163144.085091 
1.400000 0.250000 4.000000 0.272370 164866.583619 
1.400000 0.300000 6.000000 0.313221 175518.054817 
1.400000 0.350000 6.000000 0.347822 182467.104723 
1.400000 0.400000 7.000000 0.373330 188113.953508 
1.400000 0.450000 7.000000 0.395032 188499.435783 
1.400000 0.500000 7.000000 0.422291 180097.589634 
1.400000 0.550000 8.000000 0.447298 168830.753158 
1.400000 0.600000 8.000000 0.468079 151296.087637 
1.400000 0.650000 7.000000 0.493554 171313.075526 
1.400000 0.700000 7.000000 0.517826 160417.908485 
1.400000 0.750000 6.000000 0.539924 166327.654717 
1.400000 0.800000 6.000000 0.560047 171682.270471 
1.400000 0.850000 7.000000 0.578486 205417.279966 
1.400000 0.900000 7.000000 0.595477 248888.352530 
1.400000 0.950000 10.000000 0.611199 280686.850961 
1.400000 1.000000 9.000000 0.625797 296540.487824 
1.400000 1.050000 9.000000 0.639394 292276.343780 
1.400000 1.100000 9.000000 0.652094 277713.999782 
1.400000 1.150000 7.000000 0.663985 262939.038336 
1.400000 1.200000 7.000000 0.676321 252439.617803 
1.400000 1.250000 6.000000 0.690336 245656.550978 
1.400000 1.300000 6.000000 0.703433 242120.443630 
1.400000 1.350000 6.000000 0.716508 241123.119725 
1.400000 1.400000 6.000000 0.734102 241909.196661 
1.400000 1.450000 6.000000 0.753864 243852.269962 
1.400000 1.500000 5.000000 0.772691 246446.336942 
1.400000 1.550000 4.000000 0.790608 249379.125124 
1.400000 1.600000 4.000000 0.807701 252341.061711 
1.400000 1.650000 4.000000 0.824043 255105.723374 
1.400000 1.700000 4.000000 0.839686 257630.588188 
1.400000 1.750000 5.000000 0.854676 259810.062300 
1.400000 1.800000 5.000000 0.869056 261658.499945 
1.400000 1.850000 5.000000 0.882858 263123.470279 
1.400000 1.900000 4.000000 0.896118 264238.542312 
1.400000 1.950000 4.000000 0.908865 265030.560716 
1.400000 2.000000 4.000000 0.921131 265523.739810 
1.400000 2.050000 4.000000 0.932939 265740.754303 
1.400000 2.100000 4.000000 0.944315 265705.390038 
1.400000 2.150000 4.000000 0.955286 265438.747212 
1.400000 2.200000 4.000000 0.965868 264960.944449 
1.400000 2.250000 4.000000 0.976084 264292.083938 
1.400000 2.300000 4.000000 0.985953 266142.788256 
1.400000 2.350000 4.000000 0.996245 271601.791005 
1.400000 2.400000 4.000000 1.007248 276849.521959 
1.400000 2.450000 4.000000 1.017865 281792.211788 
1.400000 2.500000 4.000000 1.028136 286510.885355 
1.450000 0.050000 1.000000 0.100646 75152.148959 
1.450000 0.100000 2.000000 0.148979 97882.290787 
1.450000 0.150000 2.000000 0.177477 139259.005858 
1.450000 0.200000 6.000000 0.262493 117689.435373 
1.450000 0.250000 5.000000 0.304056 122959.854998 
1.450000 0.300000 5.000000 0.331823 174402.364576 
1.450000 0.350000 6.000000 0.353847 162571.507931 
1.450000 0.400000 7.000000 0.375899 190316.117087 
1.450000 0.450000 9.000000 0.397457 218056.479797 
1.450000 0.500000 8.000000 0.425101 239120.061255 
1.450000 0.550000 8.000000 0.454347 256082.513801 
1.450000 0.600000 9.000000 0.481032 270808.238504 
1.450000 0.650000 10.000000 0.505703 284461.670320 
1.450000 0.700000 7.000000 0.528713 297470.155567 
1.450000 0.750000 7.000000 0.550249 309966.597805 
1.450000 0.800000 7.000000 0.570410 373827.761817 
1.450000 0.850000 8.000000 0.589235 387235.056109 
1.450000 0.900000 8.000000 0.606388 375019.286985 
1.450000 0.950000 9.000000 0.621751 360136.913588 
1.450000 1.000000 10.000000 0.655965 360221.236910 
1.450000 1.050000 10.000000 0.686156 384189.332937 
1.450000 1.100000 10.000000 0.711802 431881.772958 
1.450000 1.150000 10.000000 0.733612 497810.096199 
1.450000 1.200000 9.000000 0.752525 573629.415744 
1.450000 1.250000 10.000000 0.769482 651389.236864 
1.450000 1.300000 9.000000 0.791450 723327.964694 
1.450000 1.350000 9.000000 0.849110 782934.571832 
1.450000 1.400000 9.000000 0.896747 823534.120504 
1.450000 1.450000 9.000000 0.929817 834141.309548 
1.450000 1.500000 10.000000 0.943076 801277.974018 
1.450000 1.550000 10.000000 0.934447 719490.898247 
1.450000 1.600000 9.000000 0.910237 603474.771835 
1.450000 1.650000 10.000000 0.893029 507926.057794 
1.450000 1.700000 10.000000 0.906934 501952.175863 
1.450000 1.750000 10.000000 0.948841 558977.884719 
1.450000 1.800000 11.000000 1.009255 661576.736784 
1.450000 1.850000 12.000000 1.067217 765064.171879 
1.450000 1.900000 12.000000 1.105780 824153.064930 
1.450000 1.950000 12.000000 1.125920 838288.768665 
1.450000 2.000000 11.000000 1.131852 816914.043294 
1.450000 2.050000 10.000000 1.131074 769709.743980 
1.450000 2.100000 11.000000 1.122230 705833.560616 
1.450000 2.150000 11.000000 1.100502 642170.446998 
1.450000 2.200000 10.000000 1.089274 590011.675783 
1.450000 2.250000 10.000000 1.093007 603129.911790 
1.450000 2.300000 10.000000 1.123568 731644.249564 
1.450000 2.350000 11.000000 1.154549 853462.607439 
1.450000 2.400000 11.000000 1.184464 945670.393680 
1.450000 2.450000 11.000000 1.213207 1011925.772888 
1.450000 2.500000 10.000000 1.239663 1052383.149385 
1.500000 0.050000 1.000000 0.102252 79613.516677 
1.500000 0.100000 1.000000 0.156196 107116.919683 
1.500000 0.150000 2.000000 0.189467 122649.341412 
1.500000 0.200000 2.000000 0.214963 245005.474412 
1.500000 0.250000 5.000000 0.287515 289528.938906 
1.500000 0.300000 4.000000 0.344142 145135.108669 
1.500000 0.350000 4.000000 0.374112 154524.356381 
1.500000 0.400000 4.000000 0.393325 186646.933103 
1.500000 0.450000 6.000000 0.427369 169135.652458 
1.500000 0.500000 7.000000 0.450473 200623.587051 
1.500000 0.550000 4.000000 0.466570 256341.659110 
1.500000 0.600000 5.000000 0.493013 316047.522083 
1.500000 0.650000 5.000000 0.540504 697456.821736 
1.500000 0.700000 6.000000 0.580936 783785.577346 
1.500000 0.750000 6.000000 0.614105 956253.301411 
1.500000 0.800000 6.000000 0.705707 1100507.383988 
1.500000 0.850000 5.000000 0.750284 1171794.649260 
1.500000 0.900000 6.000000 0.680432 681457.170401 
1.500000 0.950000 6.000000 0.696523 515693.386945 
1.500000 1.000000 6.000000 0.762380 620396.941852 
1.500000 1.050000 7.000000 0.854310 710158.890178 
1.500000 1.100000 7.000000 0.935161 1141807.222097 
1.500000 1.150000 6.000000 0.999165 1225251.331258 
1.500000 1.200000 6.000000 1.039328 1563112.272136 
1.500000 1.250000 8.000000 1.055786 1978643.017255 
1.500000 1.300000 7.000000 1.052623 1455779.339809 
1.500000 1.350000 6.000000 1.034449 656726.905084 
1.500000 1.400000 6.000000 1.005877 787366.082250 
1.500000 1.450000 7.000000 0.971264 673996.088796 
1.500000 1.500000 6.000000 0.934579 819263.869721 
1.500000 1.550000 6.000000 1.110921 1170696.009795 
1.500000 1.600000 6.000000 1.284285 1386230.744804 
1.500000 1.650000 6.000000 1.385255 1501484.514895 
1.500000 1.700000 6.000000 1.464922 1596567.705284 
1.500000 1.750000 6.000000 1.375528 1472514.721198 
1.500000 1.800000 7.000000 1.076579 983999.276072 
1.500000 1.850000 11.000000 1.165114 1207852.721291 
1.500000 1.900000 8.000000 1.245390 805017.528064 
1.500000 1.950000 10.000000 1.302142 1732973.600339 
1.500000 2.000000 10.000000 1.327917 2328409.198897 
1.500000 2.050000 10.000000 1.328401 1829056.695088 
1.500000 2.100000 10.000000 1.317540 1421173.698941 
1.500000 2.150000 11.000000 1.302269 1170191.521428 
1.500000 2.200000 10.000000 1.286108 1776045.487847 
1.500000 2.250000 9.000000 1.271176 2083078.401939 
1.500000 2.300000 8.000000 1.302978 1174495.390065 
1.500000 2.350000 8.000000 1.444096 1432626.423228 
1.500000 2.400000 9.000000 1.575733 1636850.595044 
1.500000 2.450000 8.000000 1.647565 1741989.911950 
1.500000 2.500000 8.000000 1.663487 1754381.006758 
1.550000 0.050000 1.000000 0.104589 83077.680372 
1.550000 0.100000 1.000000 0.165256 115348.093653 
1.550000 0.150000 2.000000 0.204435 134630.727117 
1.550000 0.200000 2.000000 0.231908 147578.724630 
1.550000 0.250000 2.000000 0.252257 277286.592590 
1.550000 0.300000 2.000000 0.342536 313951.541081 
1.550000 0.350000 4.000000 0.395999 371540.358589 
1.550000 0.400000 3.000000 0.443948 397927.056464 
1.550000 0.450000 3.000000 0.411943 363203.522520 
1.550000 0.500000 5.000000 0.458399 295088.614801 
1.550000 0.550000 5.000000 0.497149 187541.439414 
1.550000 0.600000 6.000000 0.514565 204509.438715 
1.550000 0.650000 6.000000 0.520981 261315.160069 
1.550000 0.700000 5.000000 0.549399 423066.234330 
1.550000 0.750000 4.000000 0.787234 1472908.839698 
1.550000 0.800000 4.000000 0.745921 1270567.364154 
1.550000 0.850000 4.000000 0.783166 1520072.733923 
1.550000 0.900000 4.000000 1.082134 1861523.256540 
1.550000 0.950000 4.000000 1.301032 1963263.239198 
1.550000 1.000000 4.000000 1.115502 1609625.854061 
1.550000 1.050000 6.000000 1.139324 1556668.866020 
1.550000 1.100000 5.000000 1.216572 1636478.399697 
1.550000 1.150000 5.000000 0.966088 1308708.605199 
1.550000 1.200000 5.000000 0.834571 876703.084557 
1.550000 1.250000 5.000000 0.852569 694282.330925 
1.550000 1.300000 5.000000 0.871277 618692.035463 
1.550000 1.350000 7.000000 0.889878 629410.527737 
1.550000 1.400000 6.000000 0.907690 642707.464164 
1.550000 1.450000 6.000000 0.935196 654614.570344 
1.550000 1.500000 6.000000 0.965308 665134.172388 
1.550000 1.550000 6.000000 0.995743 674316.223790 
1.550000 1.600000 6.000000 1.025053 682467.828933 
1.550000 1.650000 7.000000 1.046601 689780.744152 
1.550000 1.700000 7.000000 1.058011 696573.143685 
1.550000 1.750000 6.000000 1.060187 702987.438576 
1.550000 1.800000 5.000000 1.059064 972024.367155 
1.550000 1.850000 5.000000 1.160099 1331471.254396 
1.550000 1.900000 5.000000 1.395320 1608900.610457 
1.550000 1.950000 5.000000 1.555803 1775379.245166 
1.550000 2.000000 6.000000 1.658100 1866836.787597 
1.550000 2.050000 7.000000 1.748685 1944752.035967 
1.550000 2.100000 7.000000 1.848848 2041420.886090 
1.550000 2.150000 7.000000 1.988497 2198930.454379 
1.550000 2.200000 8.000000 2.186427 2436577.270679 
1.550000 2.250000 7.000000 2.377371 2664781.778710 
1.550000 2.300000 7.000000 2.422816 2693627.208412 
1.550000 2.350000 7.000000 2.393491 2617868.112697 
1.550000 2.400000 6.000000 2.417589 2653581.938446 
1.550000 2.450000 6.000000 2.477242 2789315.193326 
1.550000 2.500000 7.000000 2.494495 2846897.886425 
1.600000 0.050000 1.000000 0.107452 85539.745764 
1.600000 0.100000 1.000000 0.174788 122448.472813 
1.600000 0.150000 1.000000 0.220367 145603.164246 
1.600000 0.200000 2.000000 0.253232 161588.489470 
1.600000 0.250000 2.000000 0.278039 338963.610971 
1.600000 0.300000 2.000000 0.297424 261426.613717 
1.600000 0.350000 2.000000 0.312988 264346.011587 
1.600000 0.400000 2.000000 0.386049 374452.974030 
1.600000 0.450000 2.000000 0.395577 319527.060301 
1.600000 0.500000 4.000000 0.408249 467424.108029 
1.600000 0.550000 5.000000 0.461705 642464.437167 
1.600000 0.600000 4.000000 0.511732 787975.732004 
1.600000 0.650000 5.000000 0.551202 933096.872396 
1.600000 0.700000 4.000000 0.589009 1025755.230443 
1.600000 0.750000 4.000000 0.563651 409647.800293 
1.600000 0.800000 4.000000 0.600525 387322.494594 
1.600000 0.850000 5.000000 0.750423 677860.344468 
1.600000 0.900000 4.000000 0.774818 702121.732391 
1.600000 0.950000 4.000000 0.691228 580277.141519 
1.600000 1.000000 4.000000 0.672259 610541.128137 
1.600000 1.050000 5.000000 0.698994 346972.665665 
1.600000 1.100000 5.000000 1.447448 1495100.876594 
1.600000 1.150000 4.000000 1.503324 1569562.509372 
1.600000 1.200000 4.000000 1.210148 1203631.715064 
1.600000 1.250000 4.000000 0.964448 885626.230073 
1.600000 1.300000 4.000000 1.116398 1039440.114616 
1.600000 1.350000 4.000000 1.587039 1575803.803209 
1.600000 1.400000 4.000000 2.096524 2133813.518653 
1.600000 1.450000 4.000000 1.994649 1870513.561885 
1.600000 1.500000 4.000000 1.453601 1045026.177746 
1.600000 1.550000 5.000000 0.852058 781016.817836 
1.600000 1.600000 6.000000 0.878248 742903.813014 
1.600000 1.650000 5.000000 0.968704 1045976.269984 
1.600000 1.700000 5.000000 1.873035 1947071.070572 
1.600000 1.750000 4.000000 1.205487 1077839.009328 
1.600000 1.800000 4.000000 1.596983 1582720.209974 
1.600000 1.850000 5.000000 1.176778 1038176.733260 
1.600000 1.900000 6.000000 1.156883 1476771.044423 
1.600000 1.950000 4.000000 1.379625 1027408.316752 
1.600000 2.000000 4.000000 1.810349 1726829.949874 
1.600000 2.050000 4.000000 1.538247 1321061.224488 
1.600000 2.100000 5.000000 1.509051 2714744.337167 
1.600000 2.150000 5.000000 3.521773 6641351.397402 
1.600000 2.200000 5.000000 2.754110 4843109.466573 
1.600000 2.250000 5.000000 1.323913 1788679.361856 
1.600000 2.300000 5.000000 1.337208 1684197.563246 
1.600000 2.350000 5.000000 1.369960 1875066.861136 
1.600000 2.400000 5.000000 1.340691 1684945.092829 
1.600000 2.450000 5.000000 3.632734 6030659.661259 
1.600000 2.500000 5.000000 4.257053 6588793.970175 
1.650000 0.050000 1.000000 0.101397 87139.676460 
1.650000 0.100000 1.000000 0.172066 128248.004549 
1.650000 0.150000 1.000000 0.222361 155184.161817 
1.650000 0.200000 1.000000 0.259760 174449.757121 
1.650000 0.250000 2.000000 0.288615 278929.666501 
1.650000 0.300000 2.000000 0.447581 592916.071747 
1.650000 0.350000 3.000000 0.330205 223327.909088 
1.650000 0.400000 2.000000 0.345679 500645.439332 
1.650000 0.450000 2.000000 0.444274 529383.708613 
1.650000 0.500000 2.000000 0.398447 320530.465107 
1.650000 0.550000 3.000000 0.384510 316263.537603 
1.650000 0.600000 3.000000 0.435324 481697.007521 
1.650000 0.650000 3.000000 0.504756 726220.245977 
1.650000 0.700000 3.000000 0.571049 845146.037916 
1.650000 0.750000 3.000000 0.624883 1067067.157508 
1.650000 0.800000 4.000000 1.342215 1796152.832812 
1.650000 0.850000 5.000000 1.085105 1124019.346663 
1.650000 0.900000 4.000000 0.814206 514046.680775 
1.650000 0.950000 5.000000 0.806914 498292.077572 
1.650000 1.000000 4.000000 1.329080 1700512.879565 
1.650000 1.050000 6.000000 1.061618 2738684.435096 
1.650000 1.100000 5.000000 0.978005 828543.108410 
1.650000 1.150000 4.000000 1.378786 1790196.108120 
1.650000 1.200000 5.000000 0.798971 983825.501676 
1.650000 1.250000 5.000000 1.003296 1117318.933750 
1.650000 1.300000 5.000000 1.669759 1867552.140723 
1.650000 1.350000 6.000000 1.272674 1492674.521098 
1.650000 1.400000 6.000000 1.271041 1498819.398735 
1.650000 1.450000 6.000000 1.471098 1741980.500575 
1.650000 1.500000 5.000000 1.597233 1835213.079927 
1.650000 1.550000 5.000000 1.056059 1323203.480521 
1.650000 1.600000 6.000000 0.943118 883501.803117 
1.650000 1.650000 5.000000 1.962631 2087215.853161 
1.650000 1.700000 5.000000 1.260375 1408959.946853 
1.650000 1.750000 5.000000 1.942608 1949402.214662 
1.650000 1.800000 6.000000 1.755634 2071477.167075 
1.650000 1.850000 5.000000 1.395378 1021728.298823 
1.650000 1.900000 5.000000 1.462181 1077547.055455 
1.650000 1.950000 5.000000 1.448956 1050808.276449 
1.650000 2.000000 5.000000 1.964400 2520727.734048 
1.650000 2.050000 5.000000 1.574077 1574992.809529 
1.650000 2.100000 5.000000 2.666029 2903640.186074 
1.650000 2.150000 6.000000 2.659918 4887767.122215 
1.650000 2.200000 6.000000 1.184989 1231317.230878 
1.650000 2.250000 6.000000 3.632784 4214484.749386 
1.650000 2.300000 4.000000 3.376700 4083481.917061 
1.650000 2.350000 4.000000 2.245528 2855708.594821 
1.650000 2.400000 4.000000 1.557593 1797805.056791 
1.650000 2.450000 4.000000 1.641527 1442886.414110 
1.650000 2.500000 4.000000 1.718772 1556780.432284 
1.700000 0.050000 1.000000 0.101756 87989.799471 
1.700000 0.100000 1.000000 0.175416 132689.051621 
1.700000 0.150000 1.000000 0.229408 163371.508387 
1.700000 0.200000 1.000000 0.270587 186170.794510 
1.700000 0.250000 2.000000 0.303004 203832.587923 
1.700000 0.300000 2.000000 0.350016 474504.907997 
1.700000 0.350000 2.000000 0.525106 567266.390536 
1.700000 0.400000 2.000000 0.368853 422594.526794 
1.700000 0.450000 2.000000 0.502305 679886.656948 
1.700000 0.500000 2.000000 0.621064 697408.549589 
1.700000 0.550000 2.000000 0.678468 705879.363110 
1.700000 0.600000 2.000000 0.752672 771538.016622 
1.700000 0.650000 2.000000 0.786260 778842.528442 
1.700000 0.700000 2.000000 0.607993 577375.898607 
1.700000 0.750000 3.000000 0.466510 565368.380538 
1.700000 0.800000 3.000000 0.596190 364140.772854 
1.700000 0.850000 3.000000 0.511678 399321.870496 
1.700000 0.900000 4.000000 1.207354 1332729.042138 
1.700000 0.950000 3.000000 1.545254 1734005.904003 
1.700000 1.000000 3.000000 1.492952 1734880.386555 
1.700000 1.050000 3.000000 1.745379 2189497.364046 
1.700000 1.100000 4.000000 1.981422 2629925.306446 
1.700000 1.150000 4.000000 2.326156 2995308.650252 
1.700000 1.200000 4.000000 2.644443 3091098.207717 
1.700000 1.250000 4.000000 2.873666 2950326.014729 
1.700000 1.300000 4.000000 2.254290 2340579.411276 
1.700000 1.350000 6.000000 2.312172 2432772.147490 
1.700000 1.400000 4.000000 1.754321 1235968.574297 
1.700000 1.450000 4.000000 1.284215 1526610.211809 
1.700000 1.500000 5.000000 0.949920 1062950.543089 
1.700000 1.550000 6.000000 1.067659 1049532.890702 
1.700000 1.600000 5.000000 1.346111 1347451.383595 
1.700000 1.650000 4.000000 2.044479 2270167.880273 
1.700000 1.700000 5.000000 2.009991 2308798.992641 
1.700000 1.750000 4.000000 1.124975 1389428.540898 
1.700000 1.800000 4.000000 2.997711 4712704.801554 
1.700000 1.850000 4.000000 1.905487 4667614.262677 
1.700000 1.900000 4.000000 2.060166 4021169.102978 
1.700000 1.950000 3.000000 2.366838 2249351.611476 
1.700000 2.000000 3.000000 2.585516 5934770.884380 
1.700000 2.050000 3.000000 2.709746 6874798.654763 
1.700000 2.100000 3.000000 2.762620 5448301.591134 
1.700000 2.150000 3.000000 2.769801 2869740.071997 
1.700000 2.200000 3.000000 2.750666 2731240.715241 
1.700000 2.250000 4.000000 2.717577 3875055.438393 
1.700000 2.300000 4.000000 2.677100 5312572.403330 
1.700000 2.350000 4.000000 2.633111 6894612.858368 
1.700000 2.400000 4.000000 2.587900 8500566.477297 
1.700000 2.450000 4.000000 2.836426 9995319.722564 
1.700000 2.500000 4.000000 3.528158 11130024.384296 
1.750000 0.050000 1.000000 0.098628 88222.787497 
1.750000 0.100000 1.000000 0.174659 135894.976903 
1.750000 0.150000 1.000000 0.232830 170281.850099 
1.750000 0.200000 1.000000 0.278546 196683.649438 
1.750000 0.250000 1.000000 0.315375 217552.703916 
1.750000 0.300000 2.000000 0.345667 234459.800799 
1.750000 0.350000 2.000000 0.416862 469364.652734 
1.750000 0.400000 2.000000 0.534514 610744.422318 
1.750000 0.450000 2.000000 0.411056 433748.069471 
1.750000 0.500000 2.000000 0.672055 883286.265911 
1.750000 0.550000 2.000000 1.150591 1268286.187477 
1.750000 0.600000 2.000000 1.463039 1493013.372081 
1.750000 0.650000 2.000000 1.538728 1490984.857815 
1.750000 0.700000 2.000000 1.461019 1357094.405315 
1.750000 0.750000 2.000000 1.333587 1181199.768678 
1.750000 0.800000 2.000000 1.208787 1039181.204604 
1.750000 0.850000 2.000000 1.115878 974301.641350 
1.750000 0.900000 2.000000 1.063977 961371.197012 
1.750000 0.950000 2.000000 1.042052 954414.948576 
1.750000 1.000000 2.000000 1.032401 941586.137051 
1.750000 1.050000 2.000000 1.031606 925453.239306 
1.750000 1.100000 3.000000 1.039668 1931281.231590 
1.750000 1.150000 2.000000 1.056530 917719.311789 
1.750000 1.200000 3.000000 1.081716 1271908.795194 
1.750000 1.250000 3.000000 1.114250 2173013.963471 
1.750000 1.300000 3.000000 1.535313 3064408.470098 
1.750000 1.350000 3.000000 2.265525 3930056.685261 
1.750000 1.400000 3.000000 2.956641 4772882.713877 
1.750000 1.450000 3.000000 3.610719 5592833.546084 
1.750000 1.500000 3.000000 4.242101 6399727.910102 
1.750000 1.550000 3.000000 4.866227 7200723.615311 
1.750000 1.600000 3.000000 5.491800 8004032.339284 
1.750000 1.650000 4.000000 6.128450 8818512.517195 
1.750000 1.700000 4.000000 6.861237 9729382.339679 
1.750000 1.750000 4.000000 7.682727 10715131.604820 
1.750000 1.800000 4.000000 8.505712 11659507.538593 
1.750000 1.850000 4.000000 9.124946 12274203.164065 
1.750000 1.900000 4.000000 9.156100 12031517.810587 
1.750000 1.950000 4.000000 8.317675 10501152.467666 
1.750000 2.000000 4.000000 7.113017 8338580.844747 
1.750000 2.050000 4.000000 6.005264 6112295.730388 
1.750000 2.100000 4.000000 4.661652 4263320.202075 
1.750000 2.150000 4.000000 2.817722 2628321.877697 
1.750000 2.200000 5.000000 2.092416 1936475.046033 
1.750000 2.250000 5.000000 6.404214 8066809.082242 
1.750000 2.300000 5.000000 1.397336 1181803.115362 
1.750000 2.350000 7.000000 1.197337 917850.518977 
1.750000 2.400000 6.000000 3.420198 5022587.269492 
1.750000 2.450000 6.000000 1.285263 938582.969681 
1.750000 2.500000 5.000000 2.156728 2769849.433951 
1.800000 0.050000 1.000000 0.099449 87914.196887 
1.800000 0.100000 1.000000 0.180040 138080.737741 
1.800000 0.150000 1.000000 0.244052 175944.937694 
1.800000 0.200000 1.000000 0.295815 205696.786401 
1.800000 0.250000 1.000000 0.338472 229627.366633 
1.800000 0.300000 1.000000 0.374213 249313.719257 
1.800000 0.350000 2.000000 0.404593 265828.037376 
1.800000 0.400000 2.000000 0.916347 943050.553353 
1.800000 0.450000 2.000000 0.453737 328895.758010 
1.800000 0.500000 2.000000 0.473908 605139.000603 
1.800000 0.550000 2.000000 0.749948 935872.987733 
1.800000 0.600000 2.000000 1.111170 1187314.570753 
1.800000 0.650000 2.000000 1.453103 1434385.737758 
1.800000 0.700000 2.000000 1.770376 1686114.351068 
1.800000 0.750000 2.000000 2.046398 1911095.174820 
1.800000 0.800000 2.000000 2.256101 2066889.266922 
1.800000 0.850000 2.000000 2.370677 2125591.885758 
1.800000 0.900000 2.000000 2.356406 2069293.135884 
1.800000 0.950000 2.000000 2.222613 1920406.686003 
1.800000 1.000000 2.000000 2.033716 1731333.968921 
1.800000 1.050000 2.000000 1.851270 1551051.469688 
1.800000 1.100000 2.000000 1.713584 1414534.216803 
1.800000 1.150000 2.000000 1.634007 1336909.500107 
1.800000 1.200000 2.000000 1.608903 1316040.750593 
1.800000 1.250000 2.000000 1.627853 1337473.681814 
1.800000 1.300000 2.000000 1.678474 1387799.582531 
1.800000 1.350000 2.000000 1.750523 1454121.642649 
1.800000 1.400000 2.000000 1.835961 1527357.050941 
1.800000 1.450000 2.000000 1.929362 1604257.494166 
1.800000 1.500000 2.000000 2.026943 1682478.118170 
1.800000 1.550000 2.000000 2.126242 1760883.015168 
1.800000 1.600000 3.000000 2.225459 1838700.586241 
1.800000 1.650000 3.000000 2.323386 1915198.524009 
1.800000 1.700000 2.000000 2.419128 1989852.208053 
1.800000 1.750000 2.000000 2.512068 2062313.235158 
1.800000 1.800000 2.000000 2.601722 2132216.439813 
1.800000 1.850000 2.000000 2.687795 2199422.631337 
1.800000 1.900000 3.000000 2.770175 2580464.047696 
1.800000 1.950000 3.000000 2.848616 3357048.775674 
1.800000 2.000000 3.000000 2.923209 4222834.548558 
1.800000 2.050000 3.000000 2.993876 5163874.862702 
1.800000 2.100000 3.000000 3.060680 6172511.091757 
1.800000 2.150000 3.000000 3.123682 7247382.427230 
1.800000 2.200000 3.000000 3.183006 8385474.805816 
1.800000 2.250000 3.000000 3.238758 9573240.035282 
1.800000 2.300000 3.000000 3.290996 10792881.555051 
1.800000 2.350000 3.000000 3.339810 12031893.092674 
1.800000 2.400000 3.000000 3.385287 13271344.563529 
1.800000 2.450000 3.000000 3.427495 14501477.853337 
1.800000 2.500000 3.000000 3.466465 15711299.809699 
1.850000 0.050000 1.000000 0.101101 87165.419327 
1.850000 0.100000 1.000000 0.187268 139397.003342 
1.850000 0.150000 1.000000 0.258283 180244.390890 
1.850000 0.200000 1.000000 0.317463 212929.745432 
1.850000 0.250000 1.000000 0.367441 239661.270370 
1.850000 0.300000 1.000000 0.410157 262028.947914 
1.850000 0.350000 2.000000 0.447065 281027.515549 
1.850000 0.400000 2.000000 0.479263 512815.105850 
1.850000 0.450000 2.000000 1.054988 1010444.266248 
1.850000 0.500000 2.000000 0.532708 324007.581726 
1.850000 0.550000 2.000000 0.555126 708063.921820 
1.850000 0.600000 2.000000 1.144811 1256249.134699 
1.850000 0.650000 2.000000 1.735288 1709475.250522 
1.850000 0.700000 2.000000 2.136215 1986243.658827 
1.850000 0.750000 2.000000 2.373000 2119785.211779 
1.850000 0.800000 2.000000 2.511118 2158469.085625 
1.850000 0.850000 2.000000 2.606018 2163031.036454 
1.850000 0.900000 2.000000 2.684844 2167626.629938 
1.850000 0.950000 2.000000 2.755252 2179299.771519 
1.850000 1.000000 2.000000 2.813718 2217501.898810 
1.850000 1.050000 2.000000 2.850387 2260699.878078 
1.850000 1.100000 2.000000 2.855330 2279227.749155 
1.850000 1.150000 2.000000 2.836707 2272797.145916 
1.850000 1.200000 2.000000 2.812332 2255223.796895 
1.850000 1.250000 2.000000 2.795501 2241700.737784 
1.850000 1.300000 2.000000 2.793027 2241743.810012 
1.850000 1.350000 2.000000 2.807271 2256507.826951 
1.850000 1.400000 2.000000 2.838074 2285965.727166 
1.850000 1.450000 2.000000 2.883627 2327149.147541 
1.850000 1.500000 2.000000 2.941518 2377139.772267 
1.850000 1.550000 2.000000 3.009414 2433506.297802 
1.850000 1.600000 2.000000 3.085437 2495369.372306 
1.850000 1.650000 2.000000 3.167948 2561960.653325 
1.850000 1.700000 2.000000 3.255708 2632221.461455 
1.850000 1.750000 2.000000 3.354485 2705378.806232 
1.850000 1.800000 2.000000 3.455186 2780414.338793 
1.850000 1.850000 2.000000 3.556958 2857146.336336 
1.850000 1.900000 2.000000 3.659195 2934435.849367 
1.850000 1.950000 2.000000 3.761403 3011774.196434 
1.850000 2.000000 2.000000 3.863113 3089208.837738 
1.850000 2.050000 2.000000 3.964166 3165848.091906 
1.850000 2.100000 2.000000 4.064046 3241903.900559 
1.850000 2.150000 2.000000 4.162708 3316785.237621 
1.850000 2.200000 2.000000 4.259971 3390492.745716 
1.850000 2.250000 2.000000 4.355693 3463072.870957 
1.850000 2.300000 2.000000 4.449754 4058220.819551 
1.850000 2.350000 2.000000 4.542084 4921986.308020 
1.850000 2.400000 2.000000 4.632641 5862884.684550 
1.850000 2.450000 2.000000 4.721379 6900306.351139 
1.850000 2.500000 2.000000 4.808267 8054035.890885 
1.900000 0.050000 1.000000 0.099458 86113.234671 
1.900000 0.100000 1.000000 0.188960 139920.571757 
1.900000 0.150000 1.000000 0.265604 183132.742755 
1.900000 0.200000 1.000000 0.331275 218274.905750 
1.900000 0.250000 1.000000 0.388020 247577.000939 
1.900000 0.300000 1.000000 0.437449 272457.147763 
1.900000 0.350000 1.000000 0.480831 293892.304066 
1.900000 0.400000 2.000000 0.519186 312556.753996 
1.900000 0.450000 2.000000 0.553320 473712.349732 
1.900000 0.500000 2.000000 0.922770 903249.167545 
1.900000 0.550000 2.000000 0.611418 524281.465583 
1.900000 0.600000 2.000000 0.936716 1096584.537804 
1.900000 0.650000 2.000000 1.666437 1613515.685022 
1.900000 0.700000 2.000000 2.357069 2091859.927789 
1.900000 0.750000 2.000000 3.002191 2540422.866114 
1.900000 0.800000 2.000000 3.576051 2944505.780462 
1.900000 0.850000 2.000000 4.037379 3263945.663251 
1.900000 0.900000 2.000000 4.335110 3444266.314305 
1.900000 0.950000 2.000000 4.433406 3449818.774493 
1.900000 1.000000 2.000000 4.333791 3298253.434369 
1.900000 1.050000 2.000000 4.107602 3076398.932990 
1.900000 1.100000 2.000000 3.849912 2853431.334900 
1.900000 1.150000 2.000000 3.628044 2652674.015919 
1.900000 1.200000 2.000000 3.474184 2499375.096930 
1.900000 1.250000 2.000000 3.395254 2415687.572056 
1.900000 1.300000 2.000000 3.382716 2401273.785394 
1.900000 1.350000 2.000000 3.422112 2441784.742850 
1.900000 1.400000 2.000000 3.499816 2523956.770534 
1.900000 1.450000 2.000000 3.605320 2633938.069299 
1.900000 1.500000 2.000000 3.730841 2760577.084991 
1.900000 1.550000 2.000000 3.870297 2894057.281622 
1.900000 1.600000 2.000000 4.019025 3029689.217042 
1.900000 1.650000 2.000000 4.173781 3165290.523351 
1.900000 1.700000 2.000000 4.332009 3299566.929051 
1.900000 1.750000 2.000000 4.492036 3432313.096290 
1.900000 1.800000 2.000000 4.652618 3562780.648203 
1.900000 1.850000 2.000000 4.812945 3691054.060400 
1.900000 1.900000 2.000000 4.972197 3816873.746978 
1.900000 1.950000 2.000000 5.129909 3939807.050525 
1.900000 2.000000 2.000000 5.285755 4060284.111426 
1.900000 2.050000 2.000000 5.439470 4177579.402337 
1.900000 2.100000 2.000000 5.590753 4292491.822740 
1.900000 2.150000 2.000000 5.739614 4404530.968242 
1.900000 2.200000 2.000000 5.885813 4513815.007293 
1.900000 2.250000 2.000000 6.029467 4620503.046688 
1.900000 2.300000 2.000000 6.170313 4724644.642704 
1.900000 2.350000 2.000000 6.308538 4826339.988388 
1.900000 2.400000 2.000000 6.444051 4925632.922058 
1.900000 2.450000 2.000000 6.576860 5022562.247981 
1.900000 2.500000 2.000000 6.706980 5117172.007786 
1.950000 0.050000 1.000000 0.095280 84868.283483 
1.950000 0.100000 1.000000 0.186300 139689.700301 
1.950000 0.150000 1.000000 0.267143 184669.721278 
1.950000 0.200000 1.000000 0.338248 221888.094453 
1.950000 0.250000 1.000000 0.400974 253478.642443 
1.950000 0.300000 1.000000 0.456584 280797.574410 
1.950000 0.350000 1.000000 0.506140 304742.253655 
1.950000 0.400000 1.000000 0.550534 325933.492150 
1.950000 0.450000 2.000000 0.590506 344862.348024 
1.950000 0.500000 2.000000 0.989178 843039.798418 
1.950000 0.550000 4.000000 0.659526 377282.923225 
1.950000 0.600000 2.000000 0.689516 784656.268949 
1.950000 0.650000 2.000000 1.460230 1543449.742767 
1.950000 0.700000 2.000000 2.463943 2284899.444690 
1.950000 0.750000 2.000000 3.409904 2964282.688686 
1.950000 0.800000 2.000000 4.270128 3561416.619419 
1.950000 0.850000 2.000000 5.032744 4070456.180281 
1.950000 0.900000 2.000000 5.698399 4492991.542018 
1.950000 0.950000 2.000000 6.269929 4835358.541882 
1.950000 1.000000 2.000000 6.745904 5098657.735704 
1.950000 1.050000 2.000000 7.118895 5280596.756684 
1.950000 1.100000 2.000000 7.370524 5378315.075831 
1.950000 1.150000 2.000000 7.461638 5376580.378927 
1.950000 1.200000 2.000000 7.366665 5262960.399215 
1.950000 1.250000 2.000000 7.137650 5071832.574310 
1.950000 1.300000 2.000000 6.851250 4852959.272089 
1.950000 1.350000 2.000000 6.566834 4633047.942227 
1.950000 1.400000 2.000000 6.320378 4430621.662941 
1.950000 1.450000 2.000000 6.128935 4261977.212223 
1.950000 1.500000 2.000000 5.997253 4136493.080001 
1.950000 1.550000 2.000000 5.922019 4058218.847686 
1.950000 1.600000 2.000000 5.897491 4025050.711561 
1.950000 1.650000 2.000000 5.916258 4031585.649542 
1.950000 1.700000 2.000000 5.971473 4071761.608286 
1.950000 1.750000 2.000000 6.056703 4134897.972175 
1.950000 1.800000 2.000000 6.166540 4215175.035326 
1.950000 1.850000 2.000000 6.296130 4310106.423922 
1.950000 1.900000 2.000000 6.441459 4417770.070868 
1.950000 1.950000 2.000000 6.599133 4535718.799695 
1.950000 2.000000 2.000000 6.766146 4661342.016302 
1.950000 2.050000 2.000000 6.940178 4792295.196784 
1.950000 2.100000 2.000000 7.119348 4927186.262723 
1.950000 2.150000 2.000000 7.301996 5064389.801320 
1.950000 2.200000 2.000000 7.486887 5202977.285058 
1.950000 2.250000 2.000000 7.672936 5341894.789557 
1.950000 2.300000 2.000000 7.859222 5480270.235367 
1.950000 2.350000 2.000000 8.045160 5617979.698936 
1.950000 2.400000 2.000000 8.230075 5754329.750709 
1.950000 2.450000 2.000000 8.413647 5888979.442861 
1.950000 2.500000 2.000000 8.595296 6021720.436938 
2.000000 0.050000 1.000000 0.090878 83574.953289 
2.000000 0.100000 1.000000 0.181543 138773.231799 
2.000000 0.150000 1.000000 0.264747 185009.428026 
2.000000 0.200000 1.000000 0.339881 223971.616041 
2.000000 0.250000 1.000000 0.407463 257689.705134 
2.000000 0.300000 1.000000 0.468346 287500.894045 
2.000000 0.350000 1.000000 0.523351 314087.964598 
2.000000 0.400000 1.000000 0.573224 338028.162263 
2.000000 0.450000 1.000000 0.618603 359736.817172 
2.000000 0.500000 2.000000 0.660038 379530.389626 
2.000000 0.550000 2.000000 1.386942 1161202.043362 
2.000000 0.600000 3.000000 0.732907 414339.927800 
2.000000 0.650000 2.000000 0.765086 836348.967368 
2.000000 0.700000 2.000000 1.617417 1628693.713546 
2.000000 0.750000 2.000000 2.752899 2464419.973309 
2.000000 0.800000 2.000000 3.913317 3290725.418202 
2.000000 0.850000 2.000000 5.046661 4072949.911384 
2.000000 0.900000 2.000000 6.107802 4796192.358514 
2.000000 0.950000 2.000000 7.063956 5443678.866379 
2.000000 1.000000 2.000000 7.900373 6011479.411752 
2.000000 1.050000 2.000000 8.618436 6500586.885142 
2.000000 1.100000 2.000000 9.231958 6916483.579053 
2.000000 1.150000 2.000000 9.763398 7272699.655185 
2.000000 1.200000 2.000000 10.234596 7580538.168436 
2.000000 1.250000 2.000000 10.660857 7847583.618536 
2.000000 1.300000 2.000000 11.051456 8079521.144543 
2.000000 1.350000 2.000000 11.411682 8281916.219986 
2.000000 1.400000 2.000000 11.743851 8460169.512943 
2.000000 1.450000 2.000000 12.047646 8617222.478421 
2.000000 1.500000 2.000000 12.321402 8753368.739862 
2.000000 1.550000 2.000000 12.564825 8869493.190492 
2.000000 1.600000 2.000000 12.778889 8967587.955425 
2.000000 1.650000 2.000000 12.965606 9050449.273069 
2.000000 1.700000 2.000000 13.128449 9122043.310180 
2.000000 1.750000 2.000000 13.271828 9186170.941274 
2.000000 1.800000 2.000000 13.400594 9246430.706444 
2.000000 1.850000 2.000000 13.519275 9307179.095737 
2.000000 1.900000 2.000000 13.631867 9369648.653833 
2.000000 1.950000 2.000000 13.741594 9436737.678754 
2.000000 2.000000 2.000000 13.850689 9507452.826698 
2.000000 2.050000 2.000000 13.961185 9582479.827825 
2.000000 2.100000 2.000000 14.074057 9662932.366591 
2.000000 2.150000 2.000000 14.190291 9747380.173569 
2.000000 2.200000 2.000000 14.310534 9836499.979017 
2.000000 2.250000 2.000000 14.434928 9928629.965264 
2.000000 2.300000 2.000000 14.563294 10023201.156797 
2.000000 2.350000 2.000000 14.695487 10119684.841339 
2.000000 2.400000 2.000000 14.831096 10217522.877663 
2.000000 2.450000 2.000000 14.969698 10316553.944007 
2.000000 2.500000 2.000000 15.110715 10416766.169220 
2.050000 0.050000 1.000000 0.087783 82367.864935 
2.050000 0.100000 1.000000 0.175953 137230.376150 
2.050000 0.150000 1.000000 0.259126 184333.535437 
2.050000 0.200000 1.000000 0.336111 224801.009528 
2.050000 0.250000 1.000000 0.406761 260652.733841 
2.050000 0.300000 1.000000 0.471444 292951.752895 
2.050000 0.350000 1.000000 0.530694 322344.578981 
2.050000 0.400000 1.000000 0.585025 349319.234608 
2.050000 0.450000 1.000000 0.634950 374202.761119 
2.050000 0.500000 1.000000 0.680941 397222.662017 
2.050000 0.550000 2.000000 0.723411 418607.606412 
2.050000 0.600000 2.000000 1.109701 998798.673847 
2.050000 0.650000 3.000000 0.799225 523207.062208 
2.050000 0.700000 2.000000 0.833164 739263.620905 
2.050000 0.750000 2.000000 1.495690 1438043.535502 
2.050000 0.800000 2.000000 2.574237 2147391.273206 
2.050000 0.850000 2.000000 3.687729 2872707.376502 
2.050000 0.900000 2.000000 4.812332 3644763.436657 
2.050000 0.950000 2.000000 5.928639 4437199.364225 
2.050000 1.000000 2.000000 7.019386 5228783.780898 
2.050000 1.050000 2.000000 8.067936 6004747.885592 
2.050000 1.100000 2.000000 9.064052 6749805.275447 
2.050000 1.150000 2.000000 10.010157 7455998.395608 
2.050000 1.200000 2.000000 10.917336 8124557.573356 
2.050000 1.250000 2.000000 11.796960 8763685.139479 
2.050000 1.300000 2.000000 12.658807 9382348.661067 
2.050000 1.350000 2.000000 13.509957 9986982.304672 
2.050000 1.400000 2.000000 14.354958 10583508.665258 
2.050000 1.450000 2.000000 15.196261 11176094.170106 
2.050000 1.500000 2.000000 16.034999 11764895.245802 
2.050000 1.550000 2.000000 16.870954 12352066.256338 
2.050000 1.600000 2.000000 17.703871 12936120.266805 
2.050000 1.650000 2.000000 18.532637 13516714.267999 
2.050000 1.700000 2.000000 19.356060 14092365.033850 
2.050000 1.750000 2.000000 20.172666 14661225.828141 
2.050000 1.800000 2.000000 20.980994 15221858.538587 
2.050000 1.850000 2.000000 21.779848 15775239.146557 
2.050000 1.900000 2.000000 22.567510 16317433.657567 
2.050000 1.950000 2.000000 23.343061 16851071.352782 
2.050000 2.000000 2.000000 24.105059 17372687.408950 
2.050000 2.050000 2.000000 24.852346 17883183.642832 
2.050000 2.100000 2.000000 25.584137 18381670.089836 
2.050000 2.150000 2.000000 26.299162 18866442.301807 
2.050000 2.200000 2.000000 26.996357 19336679.413359 
2.050000 2.250000 2.000000 27.674771 19791769.978698 
2.050000 2.300000 2.000000 28.333446 20231338.156057 
2.050000 2.350000 2.000000 28.971716 20655241.547007 
2.050000 2.400000 2.000000 29.588925 21063325.344203 
2.050000 2.450000 2.000000 30.185036 21455773.784514 
2.050000 2.500000 2.000000 30.759767 21832561.597820 
2.100000 0.050000 1.000000 0.082994 81352.426609 
2.100000 0.100000 1.000000 0.167485 135178.929155 
2.100000 0.150000 1.000000 0.249175 182788.195470 
2.100000 0.200000 1.000000 0.326577 224699.380864 
2.100000 0.250000 1.000000 0.399145 262611.877399 
2.100000 0.300000 1.000000 0.466665 297505.650260 
2.100000 0.350000 1.000000 0.529286 329975.615104 
2.100000 0.400000 1.000000 0.587300 360296.044041 
2.100000 0.450000 1.000000 0.641095 388662.154029 
2.100000 0.500000 1.000000 0.691054 415184.252568 
2.100000 0.550000 1.000000 0.737532 439960.758706 
2.100000 0.600000 1.000000 0.780845 463095.629392 
2.100000 0.650000 2.000000 0.821291 484766.984983 
2.100000 0.700000 3.000000 0.859123 505063.652788 
2.100000 0.750000 2.000000 0.894583 564208.253079 
2.100000 0.800000 2.000000 1.382123 1110798.838101 
2.100000 0.850000 2.000000 2.200720 1703337.011080 
2.100000 0.900000 2.000000 3.065225 2309695.764742 
2.100000 0.950000 2.000000 4.009889 2958473.349121 
2.100000 1.000000 2.000000 5.032937 3659718.716175 
2.100000 1.050000 2.000000 6.123546 4413965.380478 
2.100000 1.100000 2.000000 7.272150 5216888.589632 
2.100000 1.150000 2.000000 8.470642 6064064.297424 
2.100000 1.200000 2.000000 9.711653 6951171.481221 
2.100000 1.250000 2.000000 10.988363 7874211.640479 
2.100000 1.300000 2.000000 12.294672 8828827.631861 
2.100000 1.350000 2.000000 13.625491 9809314.455418 
2.100000 1.400000 2.000000 14.976477 10811671.762851 
2.100000 1.450000 2.000000 16.343926 11832085.787818 
2.100000 1.500000 2.000000 17.725146 12867072.614527 
2.100000 1.550000 2.000000 19.117727 13912798.330667 
2.100000 1.600000 2.000000 20.519916 14966310.686495 
2.100000 1.650000 2.000000 21.930071 16025454.992217 
2.100000 1.700000 2.000000 23.346499 17089665.955046 
2.100000 1.750000 2.000000 24.767780 18155748.746410 
2.100000 1.800000 2.000000 26.192662 19221542.344071 
2.100000 1.850000 2.000000 27.619586 20285889.892940 
2.100000 1.900000 2.000000 29.047350 21347793.630487 
2.100000 1.950000 2.000000 30.474690 22405790.788900 
2.100000 2.000000 2.000000 31.900538 23458286.787093 
2.100000 2.050000 2.000000 33.323499 24503569.192580 
2.100000 2.100000 2.000000 34.742364 25541847.589885 
2.100000 2.150000 2.000000 36.156175 26571861.107419 
2.100000 2.200000 2.000000 37.563067 27590332.600818 
2.100000 2.250000 2.000000 38.962538 28600219.558884 
2.100000 2.300000 2.000000 40.352559 29597695.583146 
2.100000 2.350000 2.000000 41.732555 30584909.201446 
2.100000 2.400000 2.000000 43.100426 31557929.852510 
2.100000 2.450000 2.000000 44.455173 32520850.446047 
2.100000 2.500000 2.000000 45.795621 33468397.905698 
2.150000 0.050000 1.000000 0.081206 80590.394550 
2.150000 0.100000 1.000000 0.165991 132762.750109 
2.150000 0.150000 1.000000 0.248005 180544.366001 
2.150000 0.200000 1.000000 0.326467 223856.814757 
2.150000 0.250000 1.000000 0.400643 263824.609116 
2.150000 0.300000 1.000000 0.470291 301569.301259 
2.150000 0.350000 1.000000 0.535448 337218.905565 
2.150000 0.400000 1.000000 0.596304 370892.135616 
2.150000 0.450000 1.000000 0.653157 402584.942454 
2.150000 0.500000 1.000000 0.706315 432384.943974 
2.150000 0.550000 1.000000 0.756085 460421.540323 
2.150000 0.600000 1.000000 0.802748 486809.546584 
2.150000 0.650000 1.000000 0.846559 511597.316770 
2.150000 0.700000 2.000000 0.887756 534881.116905 
2.150000 0.750000 2.000000 0.926555 556760.206371 
2.150000 0.800000 2.000000 1.332988 1313158.683964 
2.150000 0.850000 2.000000 2.321007 2001522.369202 
2.150000 0.900000 2.000000 2.650656 2060386.514793 
2.150000 0.950000 2.000000 2.857190 2032752.783091 
2.150000 1.000000 2.000000 3.412746 2432571.335632 
2.150000 1.050000 2.000000 4.270425 3010397.204905 
2.150000 1.100000 2.000000 5.324843 3722625.451754 
2.150000 1.150000 2.000000 6.519673 4539452.632271 
2.150000 1.200000 2.000000 7.825576 5447547.488357 
2.150000 1.250000 2.000000 9.224408 6441822.610313 
2.150000 1.300000 2.000000 10.703121 7516886.093868 
2.150000 1.350000 2.000000 12.251958 8666446.961979 
2.150000 1.400000 2.000000 13.863470 9882823.504701 
2.150000 1.450000 2.000000 15.531144 11159364.870120 
2.150000 1.500000 2.000000 17.249272 12489375.040486 
2.150000 1.550000 2.000000 19.012876 13864857.558823 
2.150000 1.600000 2.000000 20.817471 15279528.846746 
2.150000 1.650000 2.000000 22.658901 16726258.455520 
2.150000 1.700000 2.000000 24.533738 18199303.715334 
2.150000 1.750000 2.000000 26.473936 19693471.236226 
2.150000 1.800000 2.000000 28.462775 21203618.041297 
2.150000 1.850000 2.000000 30.475514 22726375.531502 
2.150000 1.900000 2.000000 32.509445 24258361.813287 
2.150000 1.950000 2.000000 34.562005 25794266.532861 
2.150000 2.000000 2.000000 36.630805 27335786.717914 
2.150000 2.050000 2.000000 38.713610 28874397.632241 
2.150000 2.100000 2.000000 40.808040 30413666.414371 
2.150000 2.150000 2.000000 42.911527 31945711.000985 
2.150000 2.200000 2.000000 45.021276 33470927.122523 
2.150000 2.250000 2.000000 47.134497 34988104.829055 
2.150000 2.300000 2.000000 49.248205 36492412.941851 
2.150000 2.350000 2.000000 51.359598 37982431.000579 
2.150000 2.400000 2.000000 53.465793 39459676.844020 
2.150000 2.450000 2.000000 55.563938 40920075.755239 
2.150000 2.500000 2.000000 57.650921 42365723.270597 
2.200000 0.050000 1.000000 0.079774 80085.909055 
2.200000 0.100000 1.000000 0.165403 130167.586151 
2.200000 0.150000 1.000000 0.249483 177759.387528 
2.200000 0.200000 1.000000 0.330819 222383.519437 
2.200000 0.250000 1.000000 0.408468 264611.157812 
2.200000 0.300000 1.000000 0.482014 305201.478028 
2.200000 0.350000 1.000000 0.551359 343783.198709 
2.200000 0.400000 1.000000 0.616620 380463.458399 
2.200000 0.450000 1.000000 0.677989 415287.460048 
2.200000 0.500000 1.000000 0.735719 448266.111919 
2.200000 0.550000 1.000000 0.790082 479478.112326 
2.200000 0.600000 1.000000 0.841335 508923.061417 
2.200000 0.650000 1.000000 0.889711 536606.219975 
2.200000 0.700000 1.000000 0.935433 562555.012489 
2.200000 0.750000 2.000000 0.978691 586890.713838 
2.200000 0.800000 2.000000 1.019668 1028503.549254 
2.200000 0.850000 2.000000 2.380490 2060213.716054 
2.200000 0.900000 2.000000 3.936604 3161453.595851 
2.200000 0.950000 2.000000 4.807777 3832262.125291 
2.200000 1.000000 2.000000 4.707378 3650323.884906 
2.200000 1.050000 2.000000 4.738822 3428680.307947 
2.200000 1.100000 2.000000 5.142650 3614490.382857 
2.200000 1.150000 2.000000 5.923298 4037942.456984 
2.200000 1.200000 2.000000 6.984154 4696117.621944 
2.200000 1.250000 2.000000 8.244651 5573095.342024 
2.200000 1.300000 2.000000 9.658980 6597984.321232 
2.200000 1.350000 2.000000 11.199807 7741925.929533 
2.200000 1.400000 2.000000 12.848918 8985821.160808 
2.200000 1.450000 2.000000 14.592807 10315176.689343 
2.200000 1.500000 2.000000 16.421138 11719128.309029 
2.200000 1.550000 2.000000 18.325082 13187918.157281 
2.200000 1.600000 2.000000 20.297127 14713903.656825 
2.200000 1.650000 2.000000 22.330695 16289547.041742 
2.200000 1.700000 2.000000 24.419965 17906314.629021 
2.200000 1.750000 2.000000 26.559134 19556232.876235 
2.200000 1.800000 2.000000 28.742936 21231895.919185 
2.200000 1.850000 2.000000 30.966265 22924540.771394 
2.200000 1.900000 2.000000 33.234182 24625905.094366 
2.200000 1.950000 2.000000 35.611676 26328210.130121 
2.200000 2.000000 2.000000 38.014992 28024932.445625 
2.200000 2.050000 2.000000 40.439094 29711008.898538 
2.200000 2.100000 2.000000 42.878377 31383045.016440 
2.200000 2.150000 2.000000 45.326602 33044403.615302 
2.200000 2.200000 2.000000 47.777703 34690516.838299 
2.200000 2.250000 2.000000 50.224219 36324201.188859 
2.200000 2.300000 2.000000 52.658849 37947301.266977 
2.200000 2.350000 2.000000 55.073845 39559465.471931 
2.200000 2.400000 2.000000 57.460233 41158841.465167 
2.200000 2.450000 2.000000 59.808997 42740443.372816 
2.200000 2.500000 2.000000 62.110334 44299032.894189 
2.250000 0.050000 1.000000 0.079120 79805.743302 
2.250000 0.100000 1.000000 0.164312 127602.233879 
2.250000 0.150000 1.000000 0.249665 174571.845502 
2.250000 0.200000 1.000000 0.332832 220407.540044 
2.250000 0.250000 1.000000 0.412776 265011.460106 
2.250000 0.300000 1.000000 0.489051 308167.600194 
2.250000 0.350000 1.000000 0.561479 349338.946750 
2.250000 0.400000 1.000000 0.630114 388788.606021 
2.250000 0.450000 1.000000 0.695105 426524.835125 
2.250000 0.500000 1.000000 0.756664 462392.053904 
2.250000 0.550000 1.000000 0.814986 496277.791798 
2.250000 0.600000 1.000000 0.870256 528088.075678 
2.250000 0.650000 1.000000 0.922672 557912.931254 
2.250000 0.700000 1.000000 0.972428 585923.767894 
2.250000 0.750000 2.000000 1.019689 612278.394448 
2.250000 0.800000 2.000000 1.064634 637119.447495 
2.250000 0.850000 2.000000 1.322304 1465674.301208 
2.250000 0.900000 2.000000 2.714323 2627796.456543 
2.250000 0.950000 2.000000 4.598534 3941796.836690 
2.250000 1.000000 2.000000 6.448273 5291436.484753 
2.250000 1.050000 2.000000 7.751282 6203458.092358 
2.250000 1.100000 2.000000 8.295525 6397872.524560 
2.250000 1.150000 2.000000 8.486540 6430691.800217 
2.250000 1.200000 2.000000 8.965654 6739505.879350 
2.250000 1.250000 2.000000 9.707902 7265464.682713 
2.250000 1.300000 2.000000 10.746720 7985529.274412 
2.250000 1.350000 2.000000 12.023879 8877859.468557 
2.250000 1.400000 2.000000 13.478042 9902880.964409 
2.250000 1.450000 2.000000 15.074120 11028398.789739 
2.250000 1.500000 2.000000 16.785917 12230750.747998 
2.250000 1.550000 2.000000 18.591010 13492219.167299 
2.250000 1.600000 2.000000 20.471523 14798983.377280 
2.250000 1.650000 2.000000 22.412502 16135682.574933 
2.250000 1.700000 2.000000 24.400333 17489535.114214 
2.250000 1.750000 2.000000 26.422761 18851217.837056 
2.250000 1.800000 2.000000 28.467582 20211311.443939 
2.250000 1.850000 2.000000 30.521927 21563852.586763 
2.250000 1.900000 2.000000 32.570897 22901794.986484 
2.250000 1.950000 2.000000 34.596869 24216718.906576 
2.250000 2.000000 2.000000 36.584090 25499766.756981 
2.250000 2.050000 2.000000 38.516653 26741666.605355 
2.250000 2.100000 2.000000 40.370238 27934106.103837 
2.250000 2.150000 2.000000 42.111296 29063728.980330 
2.250000 2.200000 2.000000 43.692081 30108068.401344 
2.250000 2.250000 2.000000 44.989838 30981634.800892 
2.250000 2.300000 2.000000 45.112831 30977660.093051 
2.250000 2.350000 2.000000 44.205225 30281564.425881 
2.250000 2.400000 2.000000 42.618553 29190307.094846 
2.250000 2.450000 2.000000 40.584837 27863329.360927 
2.250000 2.500000 2.000000 38.290680 26406857.313416 
2.300000 0.050000 1.000000 0.078051 79715.302198 
2.300000 0.100000 1.000000 0.162225 125265.113916 
2.300000 0.150000 1.000000 0.248150 171053.200073 
2.300000 0.200000 1.000000 0.332233 218080.248568 
2.300000 0.250000 1.000000 0.413412 264905.889885 
2.300000 0.300000 1.000000 0.491294 310332.965677 
2.300000 0.350000 1.000000 0.565775 353808.497998 
2.300000 0.400000 1.000000 0.636863 395777.968220 
2.300000 0.450000 1.000000 0.704623 435968.582583 
2.300000 0.500000 1.000000 0.769164 473900.073654 
2.300000 0.550000 1.000000 0.830648 509518.139457 
2.300000 0.600000 1.000000 0.889210 542992.415481 
2.300000 0.650000 1.000000 0.945004 574472.231570 
2.300000 0.700000 1.000000 0.998182 604112.026588 
2.300000 0.750000 1.000000 1.048912 632096.304317 
2.300000 0.800000 2.000000 1.097335 658552.980740 
2.300000 0.850000 2.000000 1.143594 683654.915627 
2.300000 0.900000 2.000000 1.187819 1355942.545957 
2.300000 0.950000 2.000000 2.805759 2555032.511776 
2.300000 1.000000 2.000000 4.815167 3975266.327849 
2.300000 1.050000 2.000000 7.009445 5522856.264679 
2.300000 1.100000 2.000000 9.270107 7134827.140497 
2.300000 1.150000 2.000000 11.426599 8675724.215594 
2.300000 1.200000 2.000000 13.324237 9961375.121544 
2.300000 1.250000 2.000000 14.937019 11008024.070244 
2.300000 1.300000 2.000000 16.336142 11899695.690346 
2.300000 1.350000 2.000000 17.632107 12754128.297798 
2.300000 1.400000 2.000000 18.907058 13657577.353058 
2.300000 1.450000 2.000000 20.198999 14606993.265360 
2.300000 1.500000 2.000000 21.517295 15555458.007037 
2.300000 1.550000 2.000000 22.854628 16490403.859791 
2.300000 1.600000 2.000000 24.191920 17410993.956873 
2.300000 1.650000 2.000000 25.501191 18310342.167668 
2.300000 1.700000 2.000000 26.744162 19164729.106248 
2.300000 1.750000 2.000000 27.880603 19945816.449013 
2.300000 1.800000 2.000000 28.856503 20624200.242559 
2.300000 1.850000 2.000000 27.596805 19738337.513322 
2.300000 1.900000 2.000000 23.461628 16697018.962195 
2.300000 1.950000 2.000000 18.765186 13134430.700106 
2.300000 2.000000 2.000000 15.072151 9915709.538151 
2.300000 2.050000 2.000000 12.114255 7715423.962615 
2.300000 2.100000 2.000000 9.991122 6529966.971850 
2.300000 2.150000 2.000000 8.815408 5861197.284571 
2.300000 2.200000 2.000000 8.308526 5491003.804430 
2.300000 2.250000 2.000000 8.210238 5389271.209707 
2.300000 2.300000 2.000000 8.367024 5607249.772459 
2.300000 2.350000 2.000000 8.693422 5954027.543780 
2.300000 2.400000 2.000000 9.142146 6366992.392127 
2.300000 2.450000 2.000000 9.683420 6826139.567169 
2.300000 2.500000 2.000000 10.296641 7319544.810098 
2.350000 0.050000 1.000000 0.075894 79752.205308 
2.350000 0.100000 1.000000 0.158876 123341.109975 
2.350000 0.150000 1.000000 0.244814 167310.628773 
2.350000 0.200000 1.000000 0.329124 215368.421076 
2.350000 0.250000 1.000000 0.410707 264166.644410 
2.350000 0.300000 1.000000 0.489340 311639.180351 
2.350000 0.350000 1.000000 0.564991 357180.526824 
2.350000 0.400000 1.000000 0.637625 401208.592605 
2.350000 0.450000 1.000000 0.707249 442951.183171 
2.350000 0.500000 1.000000 0.773905 482143.752228 
2.350000 0.550000 1.000000 0.837677 518960.745675 
2.350000 0.600000 1.000000 0.898686 553576.186654 
2.350000 0.650000 1.000000 0.957067 586241.564740 
2.350000 0.700000 1.000000 1.012935 617107.851889 
2.350000 0.750000 1.000000 1.066421 646309.476474 
2.350000 0.800000 1.000000 1.117649 674020.410468 
2.350000 0.850000 2.000000 1.166748 700383.628238 
2.350000 0.900000 2.000000 1.213843 725511.931159 
2.350000 0.950000 2.000000 1.259041 1289197.629884 
2.350000 1.000000 2.000000 2.653553 2204630.514554 
2.350000 1.050000 2.000000 4.698505 3669775.402462 
2.350000 1.100000 2.000000 7.003209 5392868.902951 
2.350000 1.150000 2.000000 9.514155 7270325.866805 
2.350000 1.200000 2.000000 12.184604 9241545.583002 
2.350000 1.250000 2.000000 14.958431 11308805.020601 
2.350000 1.300000 2.000000 17.766397 13388289.789007 
2.350000 1.350000 2.000000 20.550521 15388429.042300 
2.350000 1.400000 2.000000 23.270511 17279120.649272 
2.350000 1.450000 2.000000 25.883679 19037806.136183 
2.350000 1.500000 2.000000 28.337246 20631561.904608 
2.350000 1.550000 3.000000 29.694574 21430825.305640 
2.350000 1.600000 3.000000 28.308475 20489483.722773 
2.350000 1.650000 3.000000 22.965761 16827381.148440 
2.350000 1.700000 2.000000 11.848806 8823628.740383 
2.350000 1.750000 2.000000 1.791790 1133171.712962 
2.350000 1.800000 2.000000 1.816357 1214675.130818 
2.350000 1.850000 2.000000 1.840174 1699418.284759 
2.350000 1.900000 2.000000 2.169789 2246246.622715 
2.350000 1.950000 2.000000 3.000988 2848246.404638 
2.350000 2.000000 2.000000 3.898326 3500136.868557 
2.350000 2.050000 2.000000 4.856934 4197822.331722 
2.350000 2.100000 2.000000 5.873296 4937566.223687 
2.350000 2.150000 2.000000 6.944525 5716318.468220 
2.350000 2.200000 2.000000 8.068353 6531637.765155 
2.350000 2.250000 2.000000 9.242813 7380453.104447 
2.350000 2.300000 2.000000 10.466266 8261216.317434 
2.350000 2.350000 2.000000 11.737360 9172113.352471 
2.350000 2.400000 2.000000 13.054818 10111798.505848 
2.350000 2.450000 2.000000 14.417456 11077947.869095 
2.350000 2.500000 2.000000 15.824459 12069556.933148 
2.400000 0.050000 1.000000 0.072748 79884.513668 
2.400000 0.100000 1.000000 0.154440 121907.984271 
2.400000 0.150000 1.000000 0.239769 163502.824608 
2.400000 0.200000 1.000000 0.323692 212199.363148 
2.400000 0.250000 1.000000 0.405113 262767.158756 
2.400000 0.300000 1.000000 0.483816 312059.279249 
2.400000 0.350000 1.000000 0.559806 359343.821642 
2.400000 0.400000 1.000000 0.633076 404627.825072 
2.400000 0.450000 1.000000 0.703595 447310.240834 
2.400000 0.500000 1.000000 0.771391 487312.709701 
2.400000 0.550000 1.000000 0.836531 524891.537676 
2.400000 0.600000 1.000000 0.899095 560261.489063 
2.400000 0.650000 1.000000 0.959175 593667.975598 
2.400000 0.700000 1.000000 1.016873 625303.544333 
2.400000 0.750000 1.000000 1.072301 655364.522870 
2.400000 0.800000 1.000000 1.125568 684002.088404 
2.400000 0.850000 1.000000 1.176761 711341.272224 
2.400000 0.900000 2.000000 1.226002 737483.621806 
2.400000 0.950000 2.000000 1.273372 762527.526040 
2.400000 1.000000 2.000000 1.318978 1241223.690408 
2.400000 1.050000 2.000000 2.226013 1936730.026592 
2.400000 1.100000 2.000000 4.174991 3284130.795317 
2.400000 1.150000 2.000000 6.414617 5067274.814366 
2.400000 1.200000 2.000000 8.899146 7030779.000393 
2.400000 1.250000 2.000000 11.598256 9115593.269553 
2.400000 1.300000 2.000000 14.487900 11287410.148140 
2.400000 1.350000 3.000000 17.477969 13490059.588030 
2.400000 1.400000 3.000000 18.569152 14229425.107993 
2.400000 1.450000 3.000000 17.003354 12843727.001834 
2.400000 1.500000 3.000000 12.897499 9364028.489288 
2.400000 1.550000 3.000000 6.755313 4405603.879146 
2.400000 1.600000 3.000000 1.755857 1286103.402742 
2.400000 1.650000 2.000000 1.784961 1604516.503621 
2.400000 1.700000 2.000000 1.813182 1924468.425824 
2.400000 1.750000 2.000000 2.136143 2246413.657854 
2.400000 1.800000 2.000000 3.106832 2627534.016781 
2.400000 1.850000 2.000000 4.173903 3451387.150263 
2.400000 1.900000 2.000000 5.329377 4338094.000706 
2.400000 1.950000 2.000000 6.567770 5281974.400595 
2.400000 2.000000 2.000000 7.885197 6279828.400032 
2.400000 2.050000 2.000000 9.278671 7329945.403170 
2.400000 2.100000 2.000000 10.746025 8429343.910008 
2.400000 2.150000 2.000000 12.285429 9573669.572805 
2.400000 2.200000 2.000000 13.895924 10759802.946348 
2.400000 2.250000 2.000000 15.577460 11984045.517193 
2.400000 2.300000 2.000000 17.329839 13243495.404659 
2.400000 2.350000 2.000000 19.153220 14535760.967192 
2.400000 2.400000 2.000000 21.047410 15858619.514096 
2.400000 2.450000 2.000000 23.012909 17210606.010975 
2.400000 2.500000 2.000000 25.049183 18590852.205717 
2.450000 0.050000 1.000000 0.070047 80079.661329 
2.450000 0.100000 1.000000 0.149210 120945.780637 
2.450000 0.150000 1.000000 0.233166 159844.330644 
2.450000 0.200000 1.000000 0.316068 208495.272018 
2.450000 0.250000 1.000000 0.396737 260660.813363 
2.450000 0.300000 1.000000 0.474824 311513.193461 
2.450000 0.350000 1.000000 0.550333 360020.924730 
2.450000 0.400000 1.000000 0.623301 406025.508918 
2.450000 0.450000 1.000000 0.693749 449268.593289 
2.450000 0.500000 1.000000 0.761718 489801.128524 
2.450000 0.550000 1.000000 0.827254 527803.478897 
2.450000 0.600000 1.000000 0.890423 563564.148840 
2.450000 0.650000 1.000000 0.951288 597412.203735 
2.450000 0.700000 1.000000 1.009931 629555.840150 
2.450000 0.750000 1.000000 1.066422 660197.516649 
2.450000 0.800000 1.000000 1.120858 689463.128476 
2.450000 0.850000 1.000000 1.173326 717493.426998 
2.450000 0.900000 1.000000 1.223902 744370.532620 
2.450000 0.950000 1.000000 1.272682 770206.033245 
2.450000 1.000000 2.000000 1.319750 795067.640247 
2.450000 1.050000 2.000000 1.365186 865736.919354 
2.450000 1.100000 2.000000 1.478150 1500044.073719 
2.450000 1.150000 2.000000 3.194502 2700584.899060 
2.450000 1.200000 2.000000 5.209949 4363429.523900 
2.450000 1.250000 2.000000 7.463542 6187858.758615 
2.450000 1.300000 3.000000 9.054704 7393773.373506 
2.450000 1.350000 3.000000 7.875564 6254933.108601 
2.450000 1.400000 3.000000 4.450321 3004271.571789 
2.450000 1.450000 3.000000 1.678092 1662873.899298 
2.450000 1.500000 2.000000 1.711798 1322281.449795 
2.450000 1.550000 2.000000 1.744487 1686257.582895 
2.450000 1.600000 2.000000 1.776185 2054329.846380 
2.450000 1.650000 2.000000 2.270780 2425122.135728 
2.450000 1.700000 2.000000 3.295005 2863972.063520 
2.450000 1.750000 2.000000 4.463320 3879455.026621 
2.450000 1.800000 2.000000 5.743594 4981048.509785 
2.450000 1.850000 2.000000 7.121186 6157532.047853 
2.450000 1.900000 2.000000 8.588452 7399363.352673 
2.450000 1.950000 2.000000 10.141275 8700132.045132 
2.450000 2.000000 2.000000 11.777777 10051563.581012 
2.450000 2.050000 2.000000 13.497702 11450009.163262 
2.450000 2.100000 2.000000 15.302512 12888933.536309 
2.450000 2.150000 2.000000 17.193714 14364977.582274 
2.450000 2.200000 2.000000 19.172489 15875501.506350 
2.450000 2.250000 2.000000 21.261967 17416951.188953 
2.450000 2.300000 2.000000 23.537383 18987077.700937 
2.450000 2.350000 2.000000 25.929058 20583798.357074 
2.450000 2.400000 2.000000 28.439496 22206077.411760 
2.450000 2.450000 2.000000 31.070492 23851149.483076 
2.450000 2.500000 2.000000 33.822739 25517075.942237 
